Input: 0; 0; 0; 0; 0; 0; 0; 0; 0; 0; 0; 0; 1; 0; 0; 0;  Output: -0,0005; 0,0004; -0,0008; 0,0014; 1; 0,9347; 0,0001; 1; Desired output: 0; 0; 0; 0; 1; 1; 0; 1;  Error: -0,0005; 0,0004; -0,0008; 0,0014; -0; -0,0653; 0,0001; 0; 
Input: 0; 0; 0; 0; 0; 0; 0; 0; 0; 0; 0; 0; 0; 1; 0; 0;  Output: 0; 0,0005; -0,0022; 0,0169; 1; 0,9319; -0,0003; 1; Desired output: 0; 0; 0; 0; 1; 1; 0; 1;  Error: 0; 0,0005; -0,0022; 0,0169; -0; -0,0681; -0,0003; 0; 
Input: 0; 0; 0; 0; 0; 0; 0; 0; 0; 0; 0; 0; 0; 0; 1; 0;  Output: 0,0001; 0; 1; 0,9952; 0,9948; 0,0046; -0,0006; 1; Desired output: 0; 0; 1; 1; 1; 0; 0; 1;  Error: 0,0001; 0; 0; -0,0048; -0,0052; 0,0046; -0,0006; 0; 
Input: 0; 0; 0; 0; 0; 0; 0; 0; 0; 0; 0; 0; 0; 0; 0; 1;  Output: -0; 0; 0,9965; 0,3851; 0,8068; 0,628; 0,8785; 0,0313; Desired output: 0; 0; 1; 1; 1; 1; 1; 0;  Error: -0; 0; -0,0035; -0,6149; -0,1932; -0,372; -0,1215; 0,0313; 
Input: 0; 0; 0; 0; 0; 0; 0; 0; 0; 0; 0; 1; 1; 0; 0; 0;  Output: 0,0002; -0,0002; -0,1241; 0,1614; 0,9602; 0,935; 1; 0,0006; Desired output: 0; 0; 0; 0; 1; 1; 0; 0;  Error: 0,0002; -0,0002; -0,1241; 0,1614; -0,0398; -0,065; 1; 0,0006; 
Input: 0; 0; 0; 0; 0; 0; 0; 0; 0; 0; 0; 1; 0; 1; 0; 0;  Output: 0,0002; -0,0002; 0,0333; 0,2606; 0,8572; 0,9209; 0,023; 0,0017; Desired output: 0; 0; 0; 0; 1; 1; 0; 0;  Error: 0,0002; -0,0002; 0,0333; 0,2606; -0,1428; -0,0791; 0,023; 0,0017; 
Input: 0; 0; 0; 0; 0; 0; 0; 0; 0; 0; 0; 1; 0; 0; 1; 0;  Output: 0; -0; -0,0585; 0,0698; 0,9197; 0,9376; 1; 1; Desired output: 0; 0; 0; 0; 1; 1; 1; 0;  Error: 0; -0; -0,0585; 0,0698; -0,0803; -0,0624; 0; 1; 
Input: 0; 0; 0; 0; 0; 0; 0; 0; 0; 0; 0; 1; 0; 0; 0; 1;  Output: 0,0003; -0; 0,9848; 0,5951; 0,9897; 0,0745; 1; 0,0025; Desired output: 0; 0; 1; 1; 1; 0; 1; 0;  Error: 0,0003; -0; -0,0152; -0,4049; -0,0103; 0,0745; 0; 0,0025; 
Input: 0; 0; 0; 0; 0; 0; 0; 0; 0; 0; 1; 0; 1; 0; 0; 0;  Output: 0,0001; -0; -0,0029; 0,0168; 0,9997; 0,0044; 1; 1; Desired output: 0; 0; 0; 0; 1; 0; 1; 1;  Error: 0,0001; -0; -0,0029; 0,0168; -0,0003; 0,0044; 0; 0; 
Input: 0; 0; 0; 0; 0; 0; 0; 0; 0; 0; 1; 0; 0; 1; 0; 0;  Output: -0,0001; 0,0004; -0,0081; 0,0019; 0,9992; 0,0175; 1; 1; Desired output: 0; 0; 0; 0; 1; 0; 1; 1;  Error: -0,0001; 0,0004; -0,0081; 0,0019; -0,0008; 0,0175; -0; 0; 
Input: 0; 0; 0; 0; 0; 0; 0; 0; 0; 0; 1; 0; 0; 0; 1; 0;  Output: 0,0002; -0,0002; 0,0044; 0,2139; 0,892; 0,9063; -0,0029; 0,0007; Desired output: 0; 0; 0; 0; 1; 1; 0; 0;  Error: 0,0002; -0,0002; 0,0044; 0,2139; -0,108; -0,0937; -0,0029; 0,0007; 
Input: 0; 0; 0; 0; 0; 0; 0; 0; 0; 0; 1; 0; 0; 0; 0; 1;  Output: 0; 0; 1; 0,9365; 0,6877; -0,0238; 1; 1; Desired output: 0; 0; 1; 1; 0; 0; 1; 1;  Error: 0; 0; -0; -0,0635; 0,6877; -0,0238; -0; 0; 
Input: 0; 0; 0; 0; 0; 0; 0; 0; 0; 0; 1; 1; 1; 0; 0; 0;  Output: 0,0002; -0,0001; -0,0157; -0,0498; 0,9795; -0,0198; 1; 1; Desired output: 0; 0; 0; 0; 1; 0; 1; 0;  Error: 0,0002; -0,0001; -0,0157; -0,0498; -0,0205; -0,0198; 0; 1; 
Input: 0; 0; 0; 0; 0; 0; 0; 0; 0; 0; 1; 1; 0; 1; 0; 0;  Output: 0; -0; 0,1667; 0,0102; 0,7327; -0,0049; 0,9147; 1; Desired output: 0; 0; 0; 0; 1; 0; 1; 0;  Error: 0; -0; 0,1667; 0,0102; -0,2673; -0,0049; -0,0853; 1; 
Input: 0; 0; 0; 0; 0; 0; 0; 0; 0; 0; 1; 1; 0; 0; 1; 0;  Output: 0; -0; 0,0257; 0,0164; 0,9742; 0,0242; 0,9378; 1; Desired output: 0; 0; 0; 0; 1; 0; 1; 0;  Error: 0; -0; 0,0257; 0,0164; -0,0258; 0,0242; -0,0622; 1; 
Input: 0; 0; 0; 0; 0; 0; 0; 0; 0; 0; 1; 1; 0; 0; 0; 1;  Output: 0,0001; 0; 0,9746; 0,4241; 0,1183; -0,0489; 1; -0,0078; Desired output: 0; 0; 1; 1; 0; 0; 1; 0;  Error: 0,0001; 0; -0,0254; -0,5759; 0,1183; -0,0489; 0; -0,0078; 
Input: 0; 0; 0; 0; 0; 0; 0; 0; 0; 1; 0; 0; 1; 0; 0; 0;  Output: 0; -0; 0,059; -0,0268; 0,7719; -0,0078; -0,0066; 1; Desired output: 0; 0; 0; 0; 1; 0; 0; 1;  Error: 0; -0; 0,059; -0,0268; -0,2281; -0,0078; -0,0066; 0; 
Input: 0; 0; 0; 0; 0; 0; 0; 0; 0; 1; 0; 0; 0; 1; 0; 0;  Output: -0; -0,0001; -0,0707; -0,0584; 0,88; -0,0795; -0,0022; 1; Desired output: 0; 0; 0; 0; 1; 0; 0; 1;  Error: -0; -0,0001; -0,0707; -0,0584; -0,12; -0,0795; -0,0022; 0; 
Input: 0; 0; 0; 0; 0; 0; 0; 0; 0; 1; 0; 0; 0; 0; 1; 0;  Output: -0; -0; -0,0185; -0,0769; 0,8257; -0,0965; 0,9406; 1; Desired output: 0; 0; 0; 0; 1; 0; 1; 0;  Error: -0; -0; -0,0185; -0,0769; -0,1743; -0,0965; -0,0594; 1; 
Input: 0; 0; 0; 0; 0; 0; 0; 0; 0; 1; 0; 0; 0; 0; 0; 1;  Output: 0; -0; 1; 0,9246; 0,9517; 0,0489; 0,0047; 1; Desired output: 0; 0; 1; 1; 1; 0; 0; 1;  Error: 0; -0; -0; -0,0754; -0,0483; 0,0489; 0,0047; 0; 
Input: 0; 0; 0; 0; 0; 0; 0; 0; 0; 1; 0; 1; 1; 0; 0; 0;  Output: -0; 0; 0,0012; -0,0074; 0,9783; -0,0523; 0,0293; 1; Desired output: 0; 0; 0; 0; 1; 0; 0; 0;  Error: -0; 0; 0,0012; -0,0074; -0,0217; -0,0523; 0,0293; 1; 
Input: 0; 0; 0; 0; 0; 0; 0; 0; 0; 1; 0; 1; 0; 1; 0; 0;  Output: 0; -0; 0,0194; 0,0062; 0,9731; -0,0175; 0,0316; 1; Desired output: 0; 0; 0; 0; 1; 0; 0; 0;  Error: 0; -0; 0,0194; 0,0062; -0,0269; -0,0175; 0,0316; 1; 
Input: 0; 0; 0; 0; 0; 0; 0; 0; 0; 1; 0; 1; 0; 0; 1; 0;  Output: 0; -0; 0,0148; 0,0056; 0,9733; -0,0181; 0,0326; 1; Desired output: 0; 0; 0; 0; 1; 0; 0; 1;  Error: 0; -0; 0,0148; 0,0056; -0,0267; -0,0181; 0,0326; -0; 
Input: 0; 0; 0; 0; 0; 0; 0; 0; 0; 1; 0; 1; 0; 0; 0; 1;  Output: 0; -0; 0,1225; 0,031; 0,3173; 0,4605; 0,5299; 1; Desired output: 0; 0; 1; 0; 1; 1; 1; 1;  Error: 0; -0; -0,8775; 0,031; -0,6827; -0,5395; -0,4701; -0; 
Input: 0; 0; 0; 0; 0; 0; 0; 0; 0; 1; 1; 0; 1; 0; 0; 0;  Output: 0; -0; 0,0183; -0,0309; 0,7728; -0,0078; -0,0092; 1; Desired output: 0; 0; 0; 0; 1; 0; 0; 0;  Error: 0; -0; 0,0183; -0,0309; -0,2272; -0,0078; -0,0092; 1; 
Input: 0; 0; 0; 0; 0; 0; 0; 0; 0; 1; 1; 0; 0; 1; 0; 0;  Output: 0; -0,0001; -0,1597; -0,065; 0,7959; 0,104; 0,0215; 1; Desired output: 0; 0; 0; 0; 1; 0; 0; 0;  Error: 0; -0,0001; -0,1597; -0,065; -0,2041; 0,104; 0,0215; 1; 
Input: 0; 0; 0; 0; 0; 0; 0; 0; 0; 1; 1; 0; 0; 0; 1; 0;  Output: 0; -0; 0,0047; -0,037; 0,7798; 0,0381; 0,002; 1; Desired output: 0; 0; 0; 0; 1; 0; 0; 0;  Error: 0; -0; 0,0047; -0,037; -0,2202; 0,0381; 0,002; 1; 
Input: 0; 0; 0; 0; 0; 0; 0; 0; 0; 1; 1; 0; 0; 0; 0; 1;  Output: 0,0001; -0; 1; 0,9234; 0,8569; -0,0523; 0,7664; 1; Desired output: 0; 0; 1; 0; 1; 1; 1; 1;  Error: 0,0001; -0; -0; 0,9234; -0,1431; -1,0523; -0,2336; 0; 
Input: 0; 0; 0; 0; 0; 0; 0; 0; 0; 1; 1; 1; 1; 0; 0; 0;  Output: -0; 0; 0,0014; -0,0063; 0,9779; -0,0503; 0,0288; 1; Desired output: 0; 0; 0; 0; 1; 0; 0; 0;  Error: -0; 0; 0,0014; -0,0063; -0,0221; -0,0503; 0,0288; 1; 
Input: 0; 0; 0; 0; 0; 0; 0; 0; 0; 1; 1; 1; 0; 1; 0; 0;  Output: 0; -0; 0,0756; -0,0132; 0,7254; 0,0188; 0,0739; 1; Desired output: 0; 0; 0; 0; 1; 0; 0; 0;  Error: 0; -0; 0,0756; -0,0132; -0,2746; 0,0188; 0,0739; 1; 
Input: 0; 0; 0; 0; 0; 0; 0; 0; 0; 1; 1; 1; 0; 0; 1; 0;  Output: 0; -0; 0,0772; -0,013; 0,7255; 0,0188; 0,072; 1; Desired output: 0; 0; 0; 0; 1; 0; 0; 0;  Error: 0; -0; 0,0772; -0,013; -0,2745; 0,0188; 0,072; 1; 
Input: 0; 0; 0; 0; 0; 0; 0; 0; 0; 1; 1; 1; 0; 0; 0; 1;  Output: 0,0001; -0; 1; 0,9226; 0,5575; -0,1992; 0,9949; 1; Desired output: 0; 0; 1; 1; 0; 0; 1; 1;  Error: 0,0001; -0; -0; -0,0774; 0,5575; -0,1992; -0,0051; 0; 
Input: 0; 0; 0; 0; 0; 0; 0; 0; 1; 0; 0; 0; 1; 0; 0; 0;  Output: 0,0004; -0,0005; 0,0041; 0,0252; -0,0088; 0,9796; 1; 1; Desired output: 0; 0; 0; 0; 0; 1; 1; 1;  Error: 0,0004; -0,0005; 0,0041; 0,0252; -0,0088; -0,0204; -0; -0; 
Input: 0; 0; 0; 0; 0; 0; 0; 0; 1; 0; 0; 0; 0; 1; 0; 0;  Output: 0,0005; -0,0004; 0,9369; 0,0924; -0,004; -0,0155; 1; 1; Desired output: 0; 0; 1; 0; 0; 0; 1; 1;  Error: 0,0005; -0,0004; -0,0631; 0,0924; -0,004; -0,0155; -0; -0; 
Input: 0; 0; 0; 0; 0; 0; 0; 0; 1; 0; 0; 0; 0; 0; 1; 0;  Output: 0,0001; -0; 0,0223; 0,0056; -0,0035; 0,9912; 1; 1; Desired output: 0; 0; 0; 0; 0; 1; 1; 1;  Error: 0,0001; -0; 0,0223; 0,0056; -0,0035; -0,0088; 0; 0; 
Input: 0; 0; 0; 0; 0; 0; 0; 0; 1; 0; 0; 0; 0; 0; 0; 1;  Output: -0; 0; 0,6936; 0,0886; 0,0058; -0,1327; 1; 1; Desired output: 0; 0; 1; 0; 0; 0; 1; 1;  Error: -0; 0; -0,3064; 0,0886; 0,0058; -0,1327; -0; -0; 
Input: 0; 0; 0; 0; 0; 0; 0; 0; 1; 0; 0; 1; 1; 0; 0; 0;  Output: 0; 0,0001; 0,9341; 0,1366; -0,0006; -0,0105; 1; 1; Desired output: 0; 0; 1; 0; 0; 0; 1; 1;  Error: 0; 0,0001; -0,0659; 0,1366; -0,0006; -0,0105; 0; 0; 
Input: 0; 0; 0; 0; 0; 0; 0; 0; 1; 0; 0; 1; 0; 1; 0; 0;  Output: 0; -0; 0,0973; 0,061; 0,0603; 0,9749; 1; 1; Desired output: 0; 0; 0; 0; 1; 0; 0; 0;  Error: 0; -0; 0,0973; 0,061; -0,9397; 0,9749; 1; 1; 
Input: 0; 0; 0; 0; 0; 0; 0; 0; 1; 0; 0; 1; 0; 0; 1; 0;  Output: 0; -0; 0,0967; 0,059; 0,0581; 0,9744; 1; 1; Desired output: 0; 0; 0; 0; 0; 1; 1; 1;  Error: 0; -0; 0,0967; 0,059; 0,0581; -0,0256; 0; 0; 
Input: 0; 0; 0; 0; 0; 0; 0; 0; 1; 0; 0; 1; 0; 0; 0; 1;  Output: 0,0001; 0,0001; 0,9897; 0,3548; -0,0489; -0,0465; 1; 1; Desired output: 0; 0; 1; 0; 0; 0; 1; 1;  Error: 0,0001; 0,0001; -0,0103; 0,3548; -0,0489; -0,0465; 0; 0; 
Input: 0; 0; 0; 0; 0; 1; 0; 0; 0; 0; 0; 0; 1; 0; 0; 0;  Output: 0,0001; -0,0002; -0,0045; 0,0483; 0,9855; 0,9646; 1; 1; Desired output: 0; 0; 0; 0; 1; 1; 0; 0;  Error: 0,0001; -0,0002; -0,0045; 0,0483; -0,0145; -0,0354; 1; 1; 
Input: 0; 0; 0; 0; 0; 1; 0; 0; 0; 0; 0; 0; 0; 1; 0; 0;  Output: -0; 0,0004; 0,0018; -0,0289; 0,9533; 0,9904; 1; 0,0021; Desired output: 0; 0; 0; 0; 1; 1; 0; 0;  Error: -0; 0,0004; 0,0018; -0,0289; -0,0467; -0,0096; 1; 0,0021; 
Input: 0; 0; 0; 0; 0; 1; 0; 0; 0; 0; 0; 0; 0; 0; 1; 0;  Output: -0; 0; 1; 0,892; 0,8415; 0,1617; -0,0292; 1; Desired output: 0; 0; 1; 1; 1; 0; 0; 1;  Error: -0; 0; -0; -0,108; -0,1585; 0,1617; -0,0292; 0; 
Input: 0; 0; 0; 0; 0; 1; 0; 0; 0; 0; 0; 0; 0; 0; 0; 1;  Output: -0; 0; 0,0816; 0,0604; 0,8921; 0,5125; 0,5711; -0,0275; Desired output: 0; 0; 0; 0; 1; 1; 1; 0;  Error: -0; 0; 0,0816; 0,0604; -0,1079; -0,4875; -0,4289; -0,0275; 
Input: 0; 0; 0; 0; 0; 1; 0; 0; 0; 0; 0; 1; 1; 0; 0; 0;  Output: 0,0002; -0,0001; 0,0131; -0,0386; 0,9801; 0,0047; 1; 1; Desired output: 0; 0; 0; 0; 1; 0; 1; 1;  Error: 0,0002; -0,0001; 0,0131; -0,0386; -0,0199; 0,0047; 0; 0; 
Input: 0; 0; 0; 0; 0; 1; 0; 0; 0; 0; 0; 1; 0; 1; 0; 0;  Output: 0,0001; -0,0001; 0,0532; -0,0481; 0,773; 0,0462; 1; 1; Desired output: 0; 0; 0; 0; 1; 0; 1; 1;  Error: 0,0001; -0,0001; 0,0532; -0,0481; -0,227; 0,0462; 0; 0; 
Input: 0; 0; 0; 0; 0; 1; 0; 0; 0; 0; 0; 1; 0; 0; 1; 0;  Output: 0; -0; 0,0136; 0,058; 0,9153; 0,9088; 1; 1; Desired output: 0; 0; 0; 0; 1; 1; 0; 0;  Error: 0; -0; 0,0136; 0,058; -0,0847; -0,0912; 1; 1; 
Input: 0; 0; 0; 0; 0; 1; 0; 0; 0; 0; 0; 1; 0; 0; 0; 1;  Output: 0,0001; -0,0001; -0,004; 0,2041; 0,9833; 0,8042; -0,0324; -0,0025; Desired output: 0; 0; 0; 0; 1; 1; 0; 0;  Error: 0,0001; -0,0001; -0,004; 0,2041; -0,0167; -0,1958; -0,0324; -0,0025; 
Input: 0; 0; 0; 0; 0; 1; 0; 0; 0; 0; 1; 0; 1; 0; 0; 0;  Output: 0,0001; -0,0001; 0,0157; -0,0029; 0,9781; 0,0135; 1; 1; Desired output: 0; 0; 0; 0; 1; 0; 1; 0;  Error: 0,0001; -0,0001; 0,0157; -0,0029; -0,0219; 0,0135; 0; 1; 
Input: 0; 0; 0; 0; 0; 1; 0; 0; 0; 0; 1; 0; 0; 1; 0; 0;  Output: 0,0001; -0,0001; 1; 0,8298; 0,6449; 0,252; 0,845; 1; Desired output: 0; 0; 1; 1; 1; 0; 1; 0;  Error: 0,0001; -0,0001; -0; -0,1702; -0,3551; 0,252; -0,155; 1; 
Input: 0; 0; 0; 0; 0; 1; 0; 0; 0; 0; 1; 0; 0; 0; 1; 0;  Output: 0; -0; 0,0904; -0,0105; 0,7079; 0,0719; 0,9328; 1; Desired output: 0; 0; 0; 0; 1; 0; 1; 0;  Error: 0; -0; 0,0904; -0,0105; -0,2921; 0,0719; -0,0672; 1; 
Input: 0; 0; 0; 0; 0; 1; 0; 0; 0; 0; 1; 0; 0; 0; 0; 1;  Output: -0; 0,0001; 0,6574; 0,1169; 0,802; -0,0291; 1; 0,8578; Desired output: 0; 0; 0; 0; 1; 0; 1; 1;  Error: -0; 0,0001; 0,6574; 0,1169; -0,198; -0,0291; -0; -0,1422; 
Input: 0; 0; 0; 0; 0; 1; 0; 0; 0; 0; 1; 1; 1; 0; 0; 0;  Output: 0,0002; -0,0001; -0,0057; -0,0511; 0,9793; -0,033; 1; 1; Desired output: 0; 0; 0; 0; 1; 0; 0; 1;  Error: 0,0002; -0,0001; -0,0057; -0,0511; -0,0207; -0,033; 1; 0; 
Input: 0; 0; 0; 0; 0; 1; 0; 0; 0; 0; 1; 1; 0; 1; 0; 0;  Output: 0; -0; 0,0688; -0,0143; 0,7248; 0,0103; 0,2093; 1; Desired output: 0; 0; 0; 0; 1; 0; 0; 1;  Error: 0; -0; 0,0688; -0,0143; -0,2752; 0,0103; 0,2093; 0; 
Input: 0; 0; 0; 0; 0; 1; 0; 0; 0; 0; 1; 1; 0; 0; 1; 0;  Output: 0; -0; -0,1756; -0,0091; 0,9747; 0,1974; 0,8072; 1; Desired output: 0; 0; 0; 0; 1; 0; 1; 1;  Error: 0; -0; -0,1756; -0,0091; -0,0253; 0,1974; -0,1928; -0; 
Input: 0; 0; 0; 0; 0; 1; 0; 0; 0; 0; 1; 1; 0; 0; 0; 1;  Output: -0; 0; 0,3109; 0,0897; 0,8754; 0,387; 0,9992; 0,0142; Desired output: 0; 0; 0; 0; 1; 0; 1; 0;  Error: -0; 0; 0,3109; 0,0897; -0,1246; 0,387; -0,0008; 0,0142; 
Input: 0; 0; 0; 0; 0; 1; 0; 0; 0; 1; 0; 0; 1; 0; 0; 0;  Output: -0; 0; -0,0267; -0,0105; 0,9784; -0,0539; 0,0414; 1; Desired output: 0; 0; 0; 0; 1; 0; 0; 0;  Error: -0; 0; -0,0267; -0,0105; -0,0216; -0,0539; 0,0414; 1; 
Input: 0; 0; 0; 0; 0; 1; 0; 0; 0; 1; 0; 0; 0; 1; 0; 0;  Output: 0; -0; -0,0029; -0,0359; 0,7754; 0,0115; 0,0014; 1; Desired output: 0; 0; 0; 0; 1; 0; 0; 0;  Error: 0; -0; -0,0029; -0,0359; -0,2246; 0,0115; 0,0014; 1; 
Input: 0; 0; 0; 0; 0; 1; 0; 0; 0; 1; 0; 0; 0; 0; 1; 0;  Output: 0; -0; 0,1691; -0,0082; 0,7215; -0,0961; 0,8837; 1; Desired output: 0; 0; 0; 0; 1; 0; 1; 0;  Error: 0; -0; 0,1691; -0,0082; -0,2785; -0,0961; -0,1163; 1; 
Input: 0; 0; 0; 0; 0; 1; 0; 0; 0; 1; 0; 0; 0; 0; 0; 1;  Output: -0; -0; 0,0938; 0,0094; 0,9729; -0,1224; 0,8417; 1; Desired output: 0; 0; 0; 0; 1; 0; 1; 0;  Error: -0; -0; 0,0938; 0,0094; -0,0271; -0,1224; -0,1583; 1; 
Input: 0; 0; 0; 0; 0; 1; 0; 0; 0; 1; 0; 1; 1; 0; 0; 0;  Output: 0; -0; 0,0113; 0,005; 0,9733; -0,0239; 0,0881; 1; Desired output: 0; 0; 0; 0; 1; 0; 0; 0;  Error: 0; -0; 0,0113; 0,005; -0,0267; -0,0239; 0,0881; 1; 
Input: 0; 0; 0; 0; 0; 1; 0; 0; 0; 1; 0; 1; 0; 1; 0; 0;  Output: 0; -0; 0,0652; -0,0145; 0,7255; 0,0135; 0,1303; 1; Desired output: 0; 0; 0; 0; 1; 0; 0; 0;  Error: 0; -0; 0,0652; -0,0145; -0,2745; 0,0135; 0,1303; 1; 
Input: 0; 0; 0; 0; 0; 1; 0; 0; 0; 1; 0; 1; 0; 0; 1; 0;  Output: 0; -0; 0,0071; 0,0048; 0,9733; -0,0189; 0,0302; 1; Desired output: 0; 0; 0; 0; 1; 0; 0; 0;  Error: 0; -0; 0,0071; 0,0048; -0,0267; -0,0189; 0,0302; 1; 
Input: 0; 0; 0; 0; 0; 1; 0; 0; 0; 1; 0; 1; 0; 0; 0; 1;  Output: 0; -0; 0,0091; 0,0058; 0,9726; -0,0088; 0,0504; 1; Desired output: 0; 0; 0; 0; 1; 0; 0; 0;  Error: 0; -0; 0,0091; 0,0058; -0,0274; -0,0088; 0,0504; 1; 
Input: 0; 0; 0; 0; 0; 1; 0; 0; 0; 1; 1; 0; 1; 0; 0; 0;  Output: 0; -0; -0,0198; 0,0318; 0,1969; 0,9672; 1; 1; Desired output: 0; 0; 0; 0; 0; 1; 1; 1;  Error: 0; -0; -0,0198; 0,0318; 0,1969; -0,0328; 0; 0; 
Input: 0; 0; 0; 0; 0; 1; 0; 0; 0; 1; 1; 0; 0; 1; 0; 0;  Output: 0; -0,0001; -0,1565; -0,0649; 0,7963; 0,0965; 0,0219; 1; Desired output: 0; 0; 0; 0; 1; 0; 0; 0;  Error: 0; -0,0001; -0,1565; -0,0649; -0,2037; 0,0965; 0,0219; 1; 
Input: 0; 0; 0; 0; 0; 1; 0; 0; 0; 1; 1; 0; 0; 0; 1; 0;  Output: 0; -0; 0,0267; -0,0203; 0,73; 0,0454; 0,0023; 1; Desired output: 0; 0; 0; 0; 1; 0; 0; 0;  Error: 0; -0; 0,0267; -0,0203; -0,27; 0,0454; 0,0023; 1; 
Input: 0; 0; 0; 0; 0; 1; 0; 0; 0; 1; 1; 0; 0; 0; 0; 1;  Output: -0; -0; -0,045; 0,0039; 0,9692; 0,0389; 0,1203; 1; Desired output: 0; 0; 0; 0; 1; 0; 0; 0;  Error: -0; -0; -0,045; 0,0039; -0,0308; 0,0389; 0,1203; 1; 
Input: 0; 0; 0; 0; 0; 1; 0; 0; 0; 1; 1; 1; 1; 0; 0; 0;  Output: 0; -0; 0,1439; -0,0075; 0,7868; -0,0941; 0,8647; 1; Desired output: 0; 0; 1; 0; 1; 1; 1; 0;  Error: 0; -0; -0,8561; -0,0075; -0,2132; -1,0941; -0,1353; 1; 
Input: 0; 0; 0; 0; 0; 1; 0; 0; 0; 1; 1; 1; 0; 1; 0; 0;  Output: 0; -0; 0,3422; 0,0013; 0,7111; -0,3203; 0,9995; 1; Desired output: 0; 0; 1; 0; 0; 0; 1; 1;  Error: 0; -0; -0,6578; 0,0013; 0,7111; -0,3203; -0,0005; 0; 
Input: 0; 0; 0; 0; 0; 1; 0; 0; 0; 1; 1; 1; 0; 0; 1; 0;  Output: 0; -0; 0,0085; 0,0049; 0,9733; -0,02; 0,05; 1; Desired output: 0; 0; 0; 0; 1; 0; 0; 0;  Error: 0; -0; 0,0085; 0,0049; -0,0267; -0,02; 0,05; 1; 
Input: 0; 0; 0; 0; 0; 1; 0; 0; 0; 1; 1; 1; 0; 0; 0; 1;  Output: 0; -0; 0,0179; 0,0054; 0,9731; -0,0309; 0,1756; 1; Desired output: 0; 0; 0; 0; 1; 0; 0; 0;  Error: 0; -0; 0,0179; 0,0054; -0,0269; -0,0309; 0,1756; 1; 
Input: 0; 0; 0; 0; 0; 1; 0; 0; 1; 0; 0; 0; 1; 0; 0; 0;  Output: 0,0001; -0,0002; 0,0656; -0,0332; 0,0628; 0,9969; 1; 0,9564; Desired output: 0; 0; 0; 0; 0; 1; 1; 1;  Error: 0,0001; -0,0002; 0,0656; -0,0332; 0,0628; -0,0031; 0; -0,0436; 
Input: 0; 0; 0; 0; 0; 1; 0; 0; 1; 0; 0; 0; 0; 1; 0; 0;  Output: 0,0001; -0,0002; 0,0214; -0,0349; 0,0896; 0,9972; 1; 0,9538; Desired output: 0; 0; 0; 0; 0; 1; 1; 1;  Error: 0,0001; -0,0002; 0,0214; -0,0349; 0,0896; -0,0028; 0; -0,0462; 
Input: 0; 0; 0; 0; 0; 1; 0; 0; 1; 0; 0; 0; 0; 0; 1; 0;  Output: -0,0001; 0,0001; 0,9875; 0,1368; -0,0044; 0,008; 1; 0,9998; Desired output: 0; 0; 1; 0; 0; 0; 1; 1;  Error: -0,0001; 0,0001; -0,0125; 0,1368; -0,0044; 0,008; -0; -0,0002; 
Input: 0; 0; 0; 0; 0; 1; 0; 0; 1; 0; 0; 0; 0; 0; 0; 1;  Output: 0; -0; 0,9216; 0,1769; 0,2517; 0,5212; 0,9047; 1; Desired output: 0; 0; 1; 0; 0; 0; 1; 1;  Error: 0; -0; -0,0784; 0,1769; 0,2517; 0,5212; -0,0953; -0; 
Input: 0; 0; 0; 0; 0; 1; 0; 0; 1; 0; 0; 1; 1; 0; 0; 0;  Output: -0,0001; 0,0001; 0,9866; 0,1353; -0,0135; 0,0802; 1; 0,9996; Desired output: 0; 0; 1; 0; 0; 0; 1; 1;  Error: -0,0001; 0,0001; -0,0134; 0,1353; -0,0135; 0,0802; -0; -0,0004; 
Input: 0; 0; 0; 0; 0; 1; 0; 0; 1; 0; 0; 1; 0; 1; 0; 0;  Output: -0,0001; 0,0001; 0,9875; 0,1371; -0,0055; 0,0127; 1; 0,9997; Desired output: 0; 0; 1; 0; 0; 0; 1; 1;  Error: -0,0001; 0,0001; -0,0125; 0,1371; -0,0055; 0,0127; -0; -0,0003; 
Input: 0; 0; 0; 0; 0; 1; 0; 0; 1; 0; 0; 1; 0; 0; 1; 0;  Output: 0; -0; 0,0967; 0,059; 0,058; 0,9744; 1; 1; Desired output: 0; 0; 0; 0; 0; 1; 1; 1;  Error: 0; -0; 0,0967; 0,059; 0,058; -0,0256; 0; 0; 
Input: 0; 0; 0; 0; 0; 1; 0; 0; 1; 0; 0; 1; 0; 0; 0; 1;  Output: 0; -0; 0,1177; 0,0652; -0,0169; 0,9635; 1; 1; Desired output: 0; 0; 0; 0; 0; 1; 1; 1;  Error: 0; -0; 0,1177; 0,0652; -0,0169; -0,0365; 0; -0; 
Input: 0; 0; 0; 0; 1; 0; 0; 0; 0; 0; 0; 0; 1; 0; 0; 0;  Output: -0; 0; -0,0245; -0,0052; 0,9755; 0,1026; 0,9601; 1; Desired output: 0; 0; 0; 0; 1; 0; 1; 1;  Error: -0; 0; -0,0245; -0,0052; -0,0245; 0,1026; -0,0399; 0; 
Input: 0; 0; 0; 0; 1; 0; 0; 0; 0; 0; 0; 0; 0; 1; 0; 0;  Output: 0; -0; 0,0268; -0,0301; 0,7722; -0,0164; 0,0689; 1; Desired output: 0; 0; 0; 0; 1; 0; 1; 1;  Error: 0; -0; 0,0268; -0,0301; -0,2278; -0,0164; -0,9311; 0; 
Input: 0; 0; 0; 0; 1; 0; 0; 0; 0; 0; 0; 0; 0; 0; 1; 0;  Output: -0,0013; 0,0012; 1; 0,0111; 1; 0,8753; 1; 1; Desired output: 0; 0; 1; 0; 1; 1; 1; 1;  Error: -0,0013; 0,0012; -0; 0,0111; -0; -0,1247; -0; 0; 
Input: 0; 0; 0; 0; 1; 0; 0; 0; 0; 0; 0; 0; 0; 0; 0; 1;  Output: -0; 0; 0,0819; 0,0603; 0,8924; 0,5116; 0,5711; 0,0013; Desired output: 0; 0; 0; 0; 1; 1; 0; 0;  Error: -0; 0; 0,0819; 0,0603; -0,1076; -0,4884; 0,5711; 0,0013; 
Input: 0; 0; 0; 0; 1; 0; 0; 0; 0; 0; 0; 1; 1; 0; 0; 0;  Output: 0; -0; 0,058; 0,017; 0,9703; 0,1337; 0,9421; 1; Desired output: 0; 0; 0; 0; 1; 0; 1; 0;  Error: 0; -0; 0,058; 0,017; -0,0297; 0,1337; -0,0579; 1; 
Input: 0; 0; 0; 0; 1; 0; 0; 0; 0; 0; 0; 1; 0; 1; 0; 0;  Output: 0,0001; -0,0001; 1; 0,9217; 0,5712; 0,0474; 0,1797; 1; Desired output: 0; 0; 1; 1; 0; 0; 1; 1;  Error: 0,0001; -0,0001; -0; -0,0783; 0,5712; 0,0474; -0,8203; 0; 
Input: 0; 0; 0; 0; 1; 0; 0; 0; 0; 0; 0; 1; 0; 0; 1; 0;  Output: 0; -0; 0,0084; 0,0181; 0,9714; 0,149; 0,8972; 1; Desired output: 0; 0; 0; 0; 1; 0; 1; 1;  Error: 0; -0; 0,0084; 0,0181; -0,0286; 0,149; -0,1028; -0; 
Input: 0; 0; 0; 0; 1; 0; 0; 0; 0; 0; 0; 1; 0; 0; 0; 1;  Output: 0; -0; 0,1441; 0,0387; 0,9743; -0,0392; 0,9595; 1; Desired output: 0; 0; 0; 0; 1; 0; 1; 1;  Error: 0; -0; 0,1441; 0,0387; -0,0257; -0,0392; -0,0405; -0; 
Input: 0; 0; 0; 0; 1; 0; 0; 0; 0; 0; 1; 0; 1; 0; 0; 0;  Output: -0; 0; -0,0273; -0,0107; 0,9784; -0,0539; 0,0271; 1; Desired output: 0; 0; 0; 0; 1; 0; 0; 1;  Error: -0; 0; -0,0273; -0,0107; -0,0216; -0,0539; 0,0271; 0; 
Input: 0; 0; 0; 0; 1; 0; 0; 0; 0; 0; 1; 0; 0; 1; 0; 0;  Output: 0; -0; 0,0139; -0,0417; 0,7919; -0,0209; -0,0314; 1; Desired output: 0; 0; 0; 0; 1; 0; 0; 1;  Error: 0; -0; 0,0139; -0,0417; -0,2081; -0,0209; -0,0314; 0; 
Input: 0; 0; 0; 0; 1; 0; 0; 0; 0; 0; 1; 0; 0; 0; 1; 0;  Output: -0,0001; 0; -0,031; -0,1027; 0,8606; 0,0402; -0,0046; 1; Desired output: 0; 0; 0; 0; 1; 0; 0; 1;  Error: -0,0001; 0; -0,031; -0,1027; -0,1394; 0,0402; -0,0046; 0; 
Input: 0; 0; 0; 0; 1; 0; 0; 0; 0; 0; 1; 0; 0; 0; 0; 1;  Output: 0; -0; 1; 0,9186; 0,9553; -0,0014; 0,1792; 1; Desired output: 0; 0; 1; 1; 1; 0; 0; 0;  Error: 0; -0; -0; -0,0814; -0,0447; -0,0014; 0,1792; 1; 
Input: 0; 0; 0; 0; 1; 0; 0; 0; 0; 0; 1; 1; 1; 0; 0; 0;  Output: 0; -0; 0,007; 0,0048; 0,9733; -0,0184; 0,0298; 1; Desired output: 0; 0; 0; 0; 1; 0; 0; 0;  Error: 0; -0; 0,007; 0,0048; -0,0267; -0,0184; 0,0298; 1; 
Input: 0; 0; 0; 0; 1; 0; 0; 0; 0; 0; 1; 1; 0; 1; 0; 0;  Output: 0,0001; -0,0001; 1; 0,8177; 0,6191; 0,035; 0,1504; 1; Desired output: 0; 0; 1; 1; 1; 0; 0; 1;  Error: 0,0001; -0,0001; -0; -0,1823; -0,3809; 0,035; 0,1504; 0; 
Input: 0; 0; 0; 0; 1; 0; 0; 0; 0; 0; 1; 1; 0; 0; 1; 0;  Output: 0; -0; 0,007; 0,0048; 0,9733; -0,0187; 0,0297; 1; Desired output: 0; 0; 0; 0; 1; 0; 0; 1;  Error: 0; -0; 0,007; 0,0048; -0,0267; -0,0187; 0,0297; -0; 
Input: 0; 0; 0; 0; 1; 0; 0; 0; 0; 0; 1; 1; 0; 0; 0; 1;  Output: 0; -0; 0,0113; 0,0053; 0,9732; -0,0212; 0,0865; 1; Desired output: 0; 0; 0; 0; 1; 0; 0; 0;  Error: 0; -0; 0,0113; 0,0053; -0,0268; -0,0212; 0,0865; 1; 
Input: 0; 0; 0; 0; 1; 0; 0; 0; 0; 1; 0; 0; 1; 0; 0; 0;  Output: 0,0001; -0; 1; 0,6582; 0,5377; 0,1501; -0,0142; 1; Desired output: 0; 0; 1; 1; 1; 0; 0; 1;  Error: 0,0001; -0; -0; -0,3418; -0,4623; 0,1501; -0,0142; 0; 
Input: 0; 0; 0; 0; 1; 0; 0; 0; 0; 1; 0; 0; 0; 1; 0; 0;  Output: -0; 0; 0,1374; 0,0464; 0,045; 0,6538; 0,7215; 1; Desired output: 0; 0; 0; 0; 0; 1; 1; 1;  Error: -0; 0; 0,1374; 0,0464; 0,045; -0,3462; -0,2785; 0; 
Input: 0; 0; 0; 0; 1; 0; 0; 0; 0; 1; 0; 0; 0; 0; 1; 0;  Output: -0; -0; 0,0262; -0,0429; 0,7961; -0,0202; -0,0394; 1; Desired output: 0; 0; 0; 0; 1; 0; 0; 1;  Error: -0; -0; 0,0262; -0,0429; -0,2039; -0,0202; -0,0394; 0; 
Input: 0; 0; 0; 0; 1; 0; 0; 0; 0; 1; 0; 0; 0; 0; 0; 1;  Output: -0; 0; -0,0218; -0,01; 0,9784; -0,0536; 0,027; 1; Desired output: 0; 0; 0; 0; 1; 0; 0; 0;  Error: -0; 0; -0,0218; -0,01; -0,0216; -0,0536; 0,027; 1; 
Input: 0; 0; 0; 0; 1; 0; 0; 0; 0; 1; 0; 1; 1; 0; 0; 0;  Output: -0; 0; 0,135; 0,0597; -0,1187; 0,8288; 1; 1; Desired output: 0; 0; 0; 0; 0; 1; 1; 1;  Error: -0; 0; 0,135; 0,0597; -0,1187; -0,1712; -0; 0; 
Input: 0; 0; 0; 0; 1; 0; 0; 0; 0; 1; 0; 1; 0; 1; 0; 0;  Output: 0,0001; -0,0001; 1; 0,9235; 0,4428; 0,1787; 0,324; 1; Desired output: 0; 0; 1; 1; 0; 0; 0; 1;  Error: 0,0001; -0,0001; -0; -0,0765; 0,4428; 0,1787; 0,324; 0; 
Input: 0; 0; 0; 0; 1; 0; 0; 0; 0; 1; 0; 1; 0; 0; 1; 0;  Output: 0; -0; 0,894; 0,1827; 0,1168; 0,574; 0,6361; 1; Desired output: 0; 0; 1; 0; 0; 0; 1; 1;  Error: 0; -0; -0,106; 0,1827; 0,1168; 0,574; -0,3639; -0; 
Input: 0; 0; 0; 0; 1; 0; 0; 0; 0; 1; 0; 1; 0; 0; 0; 1;  Output: 0; -0; 0,1646; 0,0567; 0,0103; 0,6398; 0,6936; 0,9296; Desired output: 0; 0; 0; 0; 0; 1; 1; 1;  Error: 0; -0; 0,1646; 0,0567; 0,0103; -0,3602; -0,3064; -0,0704; 
Input: 0; 0; 0; 0; 1; 0; 0; 0; 0; 1; 1; 0; 1; 0; 0; 0;  Output: -0; 0; 0,1216; 0,055; -0,0472; 0,8608; 1; 1; Desired output: 0; 0; 0; 0; 0; 1; 1; 1;  Error: -0; 0; 0,1216; 0,055; -0,0472; -0,1392; -0; 0; 
Input: 0; 0; 0; 0; 1; 0; 0; 0; 0; 1; 1; 0; 0; 1; 0; 0;  Output: -0; 0; 0,149; 0,0444; 0,0615; 0,629; 0,8495; 1; Desired output: 0; 0; 0; 0; 0; 1; 1; 1;  Error: -0; 0; 0,149; 0,0444; 0,0615; -0,371; -0,1505; 0; 
Input: 0; 0; 0; 0; 1; 0; 0; 0; 0; 1; 1; 0; 0; 0; 1; 0;  Output: 0; -0; 0,0273; -0,0297; 0,7691; -0,0054; 0,1408; 1; Desired output: 0; 0; 0; 0; 1; 0; 0; 0;  Error: 0; -0; 0,0273; -0,0297; -0,2309; -0,0054; 0,1408; 1; 
Input: 0; 0; 0; 0; 1; 0; 0; 0; 0; 1; 1; 0; 0; 0; 0; 1;  Output: 0; -0; 0,0391; -0,0232; 0,7346; 0,0503; 0,1852; 1; Desired output: 0; 0; 0; 0; 1; 0; 0; 0;  Error: 0; -0; 0,0391; -0,0232; -0,2654; 0,0503; 0,1852; 1; 
Input: 0; 0; 0; 0; 1; 0; 0; 0; 0; 1; 1; 1; 1; 0; 0; 0;  Output: -0; 0; 0,1287; 0,0463; 0,038; 0,6563; 0,7256; 1; Desired output: 0; 0; 0; 0; 0; 1; 1; 1;  Error: -0; 0; 0,1287; 0,0463; 0,038; -0,3437; -0,2744; 0; 
Input: 0; 0; 0; 0; 1; 0; 0; 0; 0; 1; 1; 1; 0; 1; 0; 0;  Output: -0; 0; 0,9096; 0,1944; 0,0038; 0,659; 0,7302; 1; Desired output: 0; 0; 1; 0; 0; 0; 1; 1;  Error: -0; 0; -0,0904; 0,1944; 0,0038; 0,659; -0,2698; 0; 
Input: 0; 0; 0; 0; 1; 0; 0; 0; 0; 1; 1; 1; 0; 0; 1; 0;  Output: 0; -0; 0,2034; 0,0611; 0,0076; 0,6405; 0,6944; 0,9354; Desired output: 0; 0; 0; 0; 0; 1; 1; 1;  Error: 0; -0; 0,2034; 0,0611; 0,0076; -0,3595; -0,3056; -0,0646; 
Input: 0; 0; 0; 0; 1; 0; 0; 0; 0; 1; 1; 1; 0; 0; 0; 1;  Output: 0; -0; 1; 0,9303; -0,0016; 0,1328; 1; 1; Desired output: 0; 0; 1; 0; 0; 0; 1; 1;  Error: 0; -0; -0; 0,9303; -0,0016; 0,1328; -0; 0; 
Input: 0; 0; 0; 0; 1; 0; 0; 0; 1; 0; 0; 0; 1; 0; 0; 0;  Output: 0; -0; 0,0627; 0,0437; 0,1624; 0,9726; 1; 1; Desired output: 0; 0; 0; 0; 0; 1; 1; 0;  Error: 0; -0; 0,0627; 0,0437; 0,1624; -0,0274; 0; 1; 
Input: 0; 0; 0; 0; 1; 0; 0; 0; 1; 0; 0; 0; 0; 1; 0; 0;  Output: 0; -0; 0,0636; 0,0437; 0,1621; 0,9726; 1; 1; Desired output: 0; 0; 0; 0; 0; 1; 1; 0;  Error: 0; -0; 0,0636; 0,0437; 0,1621; -0,0274; 0; 1; 
Input: 0; 0; 0; 0; 1; 0; 0; 0; 1; 0; 0; 0; 0; 0; 1; 0;  Output: 0; -0; -0,0047; 0,0369; -0,0093; 0,9734; 1; 1; Desired output: 0; 0; 0; 0; 0; 1; 1; 1;  Error: 0; -0; -0,0047; 0,0369; -0,0093; -0,0266; 0; 0; 
Input: 0; 0; 0; 0; 1; 0; 0; 0; 1; 0; 0; 0; 0; 0; 0; 1;  Output: 0; -0; 0,1805; 0,0634; -0,0687; 0,6743; 0,7422; -0,0039; Desired output: 0; 0; 0; 0; 0; 1; 1; 0;  Error: 0; -0; 0,1805; 0,0634; -0,0687; -0,3257; -0,2578; -0,0039; 
Input: 0; 0; 0; 0; 1; 0; 0; 0; 1; 0; 0; 1; 1; 0; 0; 0;  Output: 0; 0,0001; 0,9563; 0,156; -0,1222; 0,0336; 1; 1; Desired output: 0; 0; 1; 0; 0; 0; 1; 1;  Error: 0; 0,0001; -0,0437; 0,156; -0,1222; 0,0336; 0; 0; 
Input: 0; 0; 0; 0; 1; 0; 0; 0; 1; 0; 0; 1; 0; 1; 0; 0;  Output: 0; -0; 0,097; 0,0594; 0,0573; 0,9745; 1; 1; Desired output: 0; 0; 0; 0; 0; 1; 1; 0;  Error: 0; -0; 0,097; 0,0594; 0,0573; -0,0255; 0; 1; 
Input: 0; 0; 0; 0; 1; 0; 0; 0; 1; 0; 0; 1; 0; 0; 1; 0;  Output: 0; -0; 0,0967; 0,059; 0,0574; 0,9744; 1; 1; Desired output: 0; 0; 0; 0; 0; 1; 1; 0;  Error: 0; -0; 0,0967; 0,059; 0,0574; -0,0256; 0; 1; 
Input: 0; 0; 0; 0; 1; 0; 0; 0; 1; 0; 0; 1; 0; 0; 0; 1;  Output: -0,0001; 0,0001; 0,982; 0,1291; 0,0362; -0,0775; 1; 1; Desired output: 0; 0; 1; 0; 0; 0; 1; 1;  Error: -0,0001; 0,0001; -0,018; 0,1291; 0,0362; -0,0775; -0; -0; 
Input: 0; 0; 0; 0; 1; 1; 0; 0; 0; 0; 0; 0; 1; 0; 0; 0;  Output: -0; 0; -0,0247; -0,0057; 0,9758; 0,0875; 0,9424; 1; Desired output: 0; 0; 0; 0; 1; 0; 1; 1;  Error: -0; 0; -0,0247; -0,0057; -0,0242; 0,0875; -0,0576; 0; 
Input: 0; 0; 0; 0; 1; 1; 0; 0; 0; 0; 0; 0; 0; 1; 0; 0;  Output: 0; -0; 0,0678; -0,0219; 0,7525; 0,0991; 0,9022; 1; Desired output: 0; 0; 0; 0; 1; 0; 1; 1;  Error: 0; -0; 0,0678; -0,0219; -0,2475; 0,0991; -0,0978; 0; 
Input: 0; 0; 0; 0; 1; 1; 0; 0; 0; 0; 0; 0; 0; 0; 1; 0;  Output: -0,0001; 0,0001; 1; 0,8786; 0,9241; 0,1012; -0,0068; 1; Desired output: 0; 0; 1; 1; 1; 0; 0; 0;  Error: -0,0001; 0,0001; -0; -0,1214; -0,0759; 0,1012; -0,0068; 1; 
Input: 0; 0; 0; 0; 1; 1; 0; 0; 0; 0; 0; 0; 0; 0; 0; 1;  Output: 0; -0; 0,0127; 0,0116; 0,9686; 0,128; 0,9069; 1; Desired output: 0; 0; 0; 0; 1; 0; 1; 1;  Error: 0; -0; 0,0127; 0,0116; -0,0314; 0,128; -0,0931; -0; 
Input: 0; 0; 0; 0; 1; 1; 0; 0; 0; 0; 0; 1; 1; 0; 0; 0;  Output: 0; -0; 0,9277; 0,1472; 0,7083; -0,1201; 0,9361; 1; Desired output: 0; 0; 1; 0; 0; 0; 1; 1;  Error: 0; -0; -0,0723; 0,1472; 0,7083; -0,1201; -0,0639; 0; 
Input: 0; 0; 0; 0; 1; 1; 0; 0; 0; 0; 0; 1; 0; 1; 0; 0;  Output: 0; -0; 0,0621; -0,0147; 0,7256; 0,0173; 0,0876; 1; Desired output: 0; 0; 0; 0; 1; 0; 1; 0;  Error: 0; -0; 0,0621; -0,0147; -0,2744; 0,0173; -0,9124; 1; 
Input: 0; 0; 0; 0; 1; 1; 0; 0; 0; 0; 0; 1; 0; 0; 1; 0;  Output: 0; -0; 0,0097; 0,0101; 0,9698; 0,137; 0,96; 1; Desired output: 0; 0; 0; 0; 1; 0; 1; 0;  Error: 0; -0; 0,0097; 0,0101; -0,0302; 0,137; -0,04; 1; 
Input: 0; 0; 0; 0; 1; 1; 0; 0; 0; 0; 0; 1; 0; 0; 0; 1;  Output: 0; -0; 0,0611; -0,0146; 0,7255; 0,0204; 0,0883; 1; Desired output: 0; 0; 1; 1; 0; 0; 0; 1;  Error: 0; -0; -0,9389; -1,0146; 0,7255; 0,0204; 0,0883; 0; 
Input: 0; 0; 0; 0; 1; 1; 0; 0; 0; 0; 1; 0; 1; 0; 0; 0;  Output: -0; 0; -0,0184; -0,0113; 0,9753; -0,0585; 0,1107; 1; Desired output: 0; 0; 0; 0; 1; 0; 0; 1;  Error: -0; 0; -0,0184; -0,0113; -0,0247; -0,0585; 0,1107; 0; 
Input: 0; 0; 0; 0; 1; 1; 0; 0; 0; 0; 1; 0; 0; 1; 0; 0;  Output: 0; -0; 0,027; -0,0299; 0,7714; -0,0134; 0,0941; 1; Desired output: 0; 0; 0; 0; 1; 0; 0; 1;  Error: 0; -0; 0,027; -0,0299; -0,2286; -0,0134; 0,0941; 0; 
Input: 0; 0; 0; 0; 1; 1; 0; 0; 0; 0; 1; 0; 0; 0; 1; 0;  Output: 0; -0; 0,0965; 0,0587; 0,0588; 0,9744; 1; 1; Desired output: 0; 0; 1; 1; 0; 1; 0; 1;  Error: 0; -0; -0,9035; -0,9413; 0,0588; -0,0256; 1; 0; 
Input: 0; 0; 0; 0; 1; 1; 0; 0; 0; 0; 1; 0; 0; 0; 0; 1;  Output: 0; -0; -0,0455; -0,0009; 0,9734; -0,0191; 0,0316; 1; Desired output: 0; 0; 0; 0; 1; 0; 0; 1;  Error: 0; -0; -0,0455; -0,0009; -0,0266; -0,0191; 0,0316; -0; 
Input: 0; 0; 0; 0; 1; 1; 0; 0; 0; 0; 1; 1; 1; 0; 0; 0;  Output: -0; 0,0001; 0,5575; 0,1345; 0,6671; 0,7627; 1; 0,009; Desired output: 0; 0; 1; 0; 1; 1; 1; 0;  Error: -0; 0,0001; -0,4425; 0,1345; -0,3329; -0,2373; -0; 0,009; 
Input: 0; 0; 0; 0; 1; 1; 0; 0; 0; 0; 1; 1; 0; 1; 0; 0;  Output: 0; -0; 0,0686; -0,0128; 0,7154; 0,029; 0,1646; 1; Desired output: 0; 0; 0; 0; 1; 0; 0; 0;  Error: 0; -0; 0,0686; -0,0128; -0,2846; 0,029; 0,1646; 1; 
Input: 0; 0; 0; 0; 1; 1; 0; 0; 0; 0; 1; 1; 0; 0; 1; 0;  Output: -0; -0; 0,0118; 0,0083; 0,9708; 0,0184; 0,0691; 1; Desired output: 0; 0; 0; 0; 1; 0; 0; 1;  Error: -0; -0; 0,0118; 0,0083; -0,0292; 0,0184; 0,0691; -0; 
Input: 0; 0; 0; 0; 1; 1; 0; 0; 0; 0; 1; 1; 0; 0; 0; 1;  Output: 0; 0; 0,4609; 0,0087; 0,7084; -0,4667; 1; 1; Desired output: 0; 0; 1; 0; 0; 0; 1; 1;  Error: 0; 0; -0,5391; 0,0087; 0,7084; -0,4667; -0; 0; 
Input: 0; 0; 0; 0; 1; 1; 0; 0; 0; 1; 0; 0; 1; 0; 0; 0;  Output: -0; 0; 0,1267; 0,0447; 0,0579; 0,647; 0,7173; 1; Desired output: 0; 0; 0; 0; 0; 1; 1; 0;  Error: -0; 0; 0,1267; 0,0447; 0,0579; -0,353; -0,2827; 1; 
Input: 0; 0; 0; 0; 1; 1; 0; 0; 0; 1; 0; 0; 0; 1; 0; 0;  Output: -0; 0; 0,1291; 0,0462; 0,0388; 0,6557; 0,7284; 1; Desired output: 0; 0; 1; 0; 0; 0; 1; 1;  Error: -0; 0; -0,8709; 0,0462; 0,0388; 0,6557; -0,2716; 0; 
Input: 0; 0; 0; 0; 1; 1; 0; 0; 0; 1; 0; 0; 0; 0; 1; 0;  Output: 0; -0; 1; 0,9306; -0,2197; 0,6357; 0,742; 1; Desired output: 0; 0; 1; 1; 0; 1; 1; 1;  Error: 0; -0; -0; -0,0694; -0,2197; -0,3643; -0,258; 0; 
Input: 0; 0; 0; 0; 1; 1; 0; 0; 0; 1; 0; 0; 0; 0; 0; 1;  Output: -0; 0; 0,0013; -0,0088; 0,9688; -0,0426; 0,0357; 1; Desired output: 0; 0; 0; 0; 1; 0; 0; 0;  Error: -0; 0; 0,0013; -0,0088; -0,0312; -0,0426; 0,0357; 1; 
Input: 0; 0; 0; 0; 1; 1; 0; 0; 0; 1; 0; 1; 1; 0; 0; 0;  Output: 0; -0; 1; 0,849; -0,2372; 0,6799; 0,7628; 1; Desired output: 0; 0; 1; 1; 0; 1; 1; 1;  Error: 0; -0; -0; -0,151; -0,2372; -0,3201; -0,2372; 0; 
Input: 0; 0; 0; 0; 1; 1; 0; 0; 0; 1; 0; 1; 0; 1; 0; 0;  Output: 0; -0; 0,1511; 0,0529; 0,045; 0,6225; 0,68; 0,9839; Desired output: 0; 0; 0; 0; 0; 1; 0; 1;  Error: 0; -0; 0,1511; 0,0529; 0,045; -0,3775; 0,68; -0,0161; 
Input: 0; 0; 0; 0; 1; 1; 0; 0; 0; 1; 0; 1; 0; 0; 1; 0;  Output: 0; -0; 0,1553; 0,0563; 0,0002; 0,6444; 0,6979; 0,8919; Desired output: 0; 0; 0; 0; 0; 1; 1; 1;  Error: 0; -0; 0,1553; 0,0563; 0,0002; -0,3556; -0,3021; -0,1081; 
Input: 0; 0; 0; 0; 1; 1; 0; 0; 0; 1; 0; 1; 0; 0; 0; 1;  Output: 0; -0; 1; 0,9298; -0,1396; 0,5848; 0,7609; 1; Desired output: 0; 0; 1; 1; 0; 1; 1; 1;  Error: 0; -0; -0; -0,0702; -0,1396; -0,4152; -0,2391; 0; 
Input: 0; 0; 0; 0; 1; 1; 0; 0; 0; 1; 1; 0; 1; 0; 0; 0;  Output: -0; 0; 0,1287; 0,0463; 0,038; 0,6563; 0,7255; 1; Desired output: 0; 0; 0; 0; 0; 1; 1; 1;  Error: -0; 0; 0,1287; 0,0463; 0,038; -0,3437; -0,2745; 0; 
Input: 0; 0; 0; 0; 1; 1; 0; 0; 0; 1; 1; 0; 0; 1; 0; 0;  Output: -0; 0; 0,9062; 0,1551; 0,1094; 0,031; 1; 1; Desired output: 0; 0; 1; 0; 0; 0; 1; 1;  Error: -0; 0; -0,0938; 0,1551; 0,1094; 0,031; -0; 0; 
Input: 0; 0; 0; 0; 1; 1; 0; 0; 0; 1; 1; 0; 0; 0; 1; 0;  Output: 0; -0; 0,8954; 0,159; 0,4911; 0,6823; 1; 1; Desired output: 0; 0; 1; 0; 1; 1; 1; 1;  Error: 0; -0; -0,1046; 0,159; -0,5089; -0,3177; -0; 0; 
Input: 0; 0; 0; 0; 1; 1; 0; 0; 0; 1; 1; 0; 0; 0; 0; 1;  Output: -0; 0; -0,0148; 0,0264; 0,079; 0,6131; 0,8695; 1; Desired output: 0; 0; 0; 0; 0; 1; 1; 1;  Error: -0; 0; -0,0148; 0,0264; 0,079; -0,3869; -0,1305; 0; 
Input: 0; 0; 0; 0; 1; 1; 0; 0; 0; 1; 1; 1; 1; 0; 0; 0;  Output: 0; -0; 1; 0,9295; -0,3247; 0,6885; 0,781; 1; Desired output: 0; 0; 1; 1; 0; 1; 0; 0;  Error: 0; -0; -0; -0,0705; -0,3247; -0,3115; 0,781; 1; 
Input: 0; 0; 0; 0; 1; 1; 0; 0; 0; 1; 1; 1; 0; 1; 0; 0;  Output: 0; -0; 0,1825; 0,0626; -0,0694; 0,6616; 0,8368; 0,1746; Desired output: 0; 0; 0; 0; 0; 1; 1; 0;  Error: 0; -0; 0,1825; 0,0626; -0,0694; -0,3384; -0,1632; 0,1746; 
Input: 0; 0; 0; 0; 1; 1; 0; 0; 0; 1; 1; 1; 0; 0; 1; 0;  Output: 0; -0; 0,1617; 0,061; -0,0607; 0,6723; 0,7256; 0,1093; Desired output: 0; 0; 0; 0; 0; 1; 1; 0;  Error: 0; -0; 0,1617; 0,061; -0,0607; -0,3277; -0,2744; 0,1093; 
Input: 0; 0; 0; 0; 1; 1; 0; 0; 0; 1; 1; 1; 0; 0; 0; 1;  Output: -0; 0; 0,8784; 0,1468; -0,0359; -0,0675; 1; 1; Desired output: 0; 0; 1; 0; 0; 0; 1; 1;  Error: -0; 0; -0,1216; 0,1468; -0,0359; -0,0675; -0; -0; 
Input: 0; 0; 0; 0; 1; 1; 0; 0; 1; 0; 0; 0; 1; 0; 0; 0;  Output: 0; -0; 0,1172; 0,0469; 0,1435; 0,9724; 1; 1; Desired output: 0; 0; 0; 0; 0; 1; 1; 0;  Error: 0; -0; 0,1172; 0,0469; 0,1435; -0,0276; 0; 1; 
Input: 0; 0; 0; 0; 1; 1; 0; 0; 1; 0; 0; 0; 0; 1; 0; 0;  Output: -0,0001; 0,0001; 0,9512; 0,0576; 0,0539; 0,0523; 1; 1; Desired output: 0; 0; 1; 0; 0; 0; 1; 1;  Error: -0,0001; 0,0001; -0,0488; 0,0576; 0,0539; 0,0523; -0; -0; 
Input: 0; 0; 0; 0; 1; 1; 0; 0; 1; 0; 0; 0; 0; 0; 1; 0;  Output: -0,0001; 0,0001; 0,9815; 0,1247; 0,0694; 0,0087; 1; 1; Desired output: 0; 0; 1; 0; 0; 0; 1; 1;  Error: -0,0001; 0,0001; -0,0185; 0,1247; 0,0694; 0,0087; -0; -0; 
Input: 0; 0; 0; 0; 1; 1; 0; 0; 1; 0; 0; 0; 0; 0; 0; 1;  Output: 0; -0; 0,1667; 0,0698; -0,1613; 0,7888; 0,9993; 0,072; Desired output: 0; 0; 0; 0; 0; 1; 1; 0;  Error: 0; -0; 0,1667; 0,0698; -0,1613; -0,2112; -0,0007; 0,072; 
Input: 0; 0; 0; 0; 1; 1; 0; 0; 1; 0; 0; 1; 1; 0; 0; 0;  Output: -0,0001; 0,0001; 0,9875; 0,1366; -0,0044; 0,0078; 1; 0,9998; Desired output: 0; 0; 1; 0; 0; 0; 1; 1;  Error: -0,0001; 0,0001; -0,0125; 0,1366; -0,0044; 0,0078; -0; -0,0002; 
Input: 0; 0; 0; 0; 1; 1; 0; 0; 1; 0; 0; 1; 0; 1; 0; 0;  Output: 0; -0; 0,1163; 0,0572; 0,0872; 0,9693; 1; 1; Desired output: 0; 0; 0; 0; 0; 1; 0; 1;  Error: 0; -0; 0,1163; 0,0572; 0,0872; -0,0307; 1; 0; 
Input: 0; 0; 0; 0; 1; 1; 0; 0; 1; 0; 0; 1; 0; 0; 1; 0;  Output: 0; -0; 0,0954; 0,0562; 0,0895; 0,97; 1; 1; Desired output: 0; 0; 0; 0; 0; 1; 0; 1;  Error: 0; -0; 0,0954; 0,0562; 0,0895; -0,03; 1; 0; 
Input: 0; 0; 0; 0; 1; 1; 0; 0; 1; 0; 0; 1; 0; 0; 0; 1;  Output: 0; -0; 0,1023; 0,0592; 0,0572; 0,9742; 1; 1; Desired output: 0; 0; 0; 0; 0; 1; 0; 1;  Error: 0; -0; 0,1023; 0,0592; 0,0572; -0,0258; 1; 0; 
Input: 0; 0; 0; 1; 0; 0; 0; 0; 0; 0; 0; 0; 1; 0; 0; 0;  Output: 0; -0; 0,0185; -0,0115; 0,9792; 0,0187; 1; 1; Desired output: 0; 0; 0; 0; 1; 0; 1; 0;  Error: 0; -0; 0,0185; -0,0115; -0,0208; 0,0187; -0; 1; 
Input: 0; 0; 0; 1; 0; 0; 0; 0; 0; 0; 0; 0; 0; 1; 0; 0;  Output: -0; -0,0001; -0,0222; -0,0573; 0,7916; -0,064; 0,9515; 1; Desired output: 0; 0; 0; 0; 1; 0; 1; 0;  Error: -0; -0,0001; -0,0222; -0,0573; -0,2084; -0,064; -0,0485; 1; 
Input: 0; 0; 0; 1; 0; 0; 0; 0; 0; 0; 0; 0; 0; 0; 1; 0;  Output: 0,0001; -0,0001; 0,9243; 0,1024; 0,921; 0,9617; 1; 1; Desired output: 0; 0; 1; 0; 1; 1; 1; 1;  Error: 0,0001; -0,0001; -0,0757; 0,1024; -0,079; -0,0383; -0; 0; 
Input: 0; 0; 0; 1; 0; 0; 0; 0; 0; 0; 0; 0; 0; 0; 0; 1;  Output: -0; 0; 0,0885; 0,0518; 0,917; 0,4248; 0,4848; 0,9953; Desired output: 0; 0; 0; 0; 1; 0; 1; 1;  Error: -0; 0; 0,0885; 0,0518; -0,083; 0,4248; -0,5152; -0,0047; 
Input: 0; 0; 0; 1; 0; 0; 0; 0; 0; 0; 0; 1; 1; 0; 0; 0;  Output: -0; 0,0002; 0,9889; 0,2781; 0,0862; 0,0038; 1; 1; Desired output: 0; 0; 1; 0; 0; 0; 1; 1;  Error: -0; 0,0002; -0,0111; 0,2781; 0,0862; 0,0038; 0; 0; 
Input: 0; 0; 0; 1; 0; 0; 0; 0; 0; 0; 0; 1; 0; 1; 0; 0;  Output: 0; -0; -0,0026; -0,0241; 0,7124; -0,0193; 0,9579; 1; Desired output: 0; 0; 0; 0; 1; 0; 1; 0;  Error: 0; -0; -0,0026; -0,0241; -0,2876; -0,0193; -0,0421; 1; 
Input: 0; 0; 0; 1; 0; 0; 0; 0; 0; 0; 0; 1; 0; 0; 1; 0;  Output: 0; -0; 0,0094; 0,0096; 0,9702; 0,1225; 0,943; 1; Desired output: 0; 0; 0; 0; 1; 0; 1; 0;  Error: 0; -0; 0,0094; 0,0096; -0,0298; 0,1225; -0,057; 1; 
Input: 0; 0; 0; 1; 0; 0; 0; 0; 0; 0; 0; 1; 0; 0; 0; 1;  Output: 0; -0; 0,0071; 0,0048; 0,9733; -0,0189; 0,0305; 1; Desired output: 0; 0; 0; 0; 1; 0; 1; 0;  Error: 0; -0; 0,0071; 0,0048; -0,0267; -0,0189; -0,9695; 1; 
Input: 0; 0; 0; 1; 0; 0; 0; 0; 0; 0; 1; 0; 1; 0; 0; 0;  Output: -0; 0; -0,0242; -0,0093; 0,9778; -0,0419; 0,0498; 1; Desired output: 0; 0; 0; 0; 1; 0; 0; 1;  Error: -0; 0; -0,0242; -0,0093; -0,0222; -0,0419; 0,0498; 0; 
Input: 0; 0; 0; 1; 0; 0; 0; 0; 0; 0; 1; 0; 0; 1; 0; 0;  Output: 0; -0; 0,0273; -0,03; 0,7722; -0,0158; 0,0792; 1; Desired output: 0; 0; 0; 0; 1; 0; 0; 1;  Error: 0; -0; 0,0273; -0,03; -0,2278; -0,0158; 0,0792; 0; 
Input: 0; 0; 0; 1; 0; 0; 0; 0; 0; 0; 1; 0; 0; 0; 1; 0;  Output: -0,0001; 0,0001; 0,9873; 0,1361; -0,0028; 0,0147; 1; 0,9998; Desired output: 0; 0; 1; 0; 0; 0; 1; 1;  Error: -0,0001; 0,0001; -0,0127; 0,1361; -0,0028; 0,0147; -0; -0,0002; 
Input: 0; 0; 0; 1; 0; 0; 0; 0; 0; 0; 1; 0; 0; 0; 0; 1;  Output: 0; -0; 0,0266; 0,0069; 0,9733; -0,0188; 0,0304; 1; Desired output: 0; 0; 0; 0; 1; 0; 0; 1;  Error: 0; -0; 0,0266; 0,0069; -0,0267; -0,0188; 0,0304; -0; 
Input: 0; 0; 0; 1; 0; 0; 0; 0; 0; 0; 1; 1; 1; 0; 0; 0;  Output: -0; -0; 0,0132; 0,0077; 0,9713; 0,0081; 0,0916; 1; Desired output: 0; 0; 0; 0; 1; 0; 0; 0;  Error: -0; -0; 0,0132; 0,0077; -0,0287; 0,0081; 0,0916; 1; 
Input: 0; 0; 0; 1; 0; 0; 0; 0; 0; 0; 1; 1; 0; 1; 0; 0;  Output: 0; -0; 0,061; -0,0147; 0,7257; 0,0187; 0,0718; 1; Desired output: 0; 0; 0; 0; 1; 0; 0; 1;  Error: 0; -0; 0,061; -0,0147; -0,2743; 0,0187; 0,0718; 0; 
Input: 0; 0; 0; 1; 0; 0; 0; 0; 0; 0; 1; 1; 0; 0; 1; 0;  Output: 0; -0; 0,007; 0,0048; 0,9733; -0,0188; 0,0297; 1; Desired output: 0; 0; 0; 0; 1; 0; 0; 0;  Error: 0; -0; 0,007; 0,0048; -0,0267; -0,0188; 0,0297; 1; 
Input: 0; 0; 0; 1; 0; 0; 0; 0; 0; 0; 1; 1; 0; 0; 0; 1;  Output: 0; -0; 0,0118; 0,0062; 0,9724; -0,0053; 0,057; 1; Desired output: 0; 0; 0; 0; 1; 0; 0; 0;  Error: 0; -0; 0,0118; 0,0062; -0,0276; -0,0053; 0,057; 1; 
Input: 0; 0; 0; 1; 0; 0; 0; 0; 0; 1; 0; 0; 1; 0; 0; 0;  Output: 0,0001; -0; 1; 0,8942; 0,157; 0,3515; -0,0583; 1; Desired output: 0; 0; 1; 1; 0; 0; 0; 1;  Error: 0,0001; -0; -0; -0,1058; 0,157; 0,3515; -0,0583; 0; 
Input: 0; 0; 0; 1; 0; 0; 0; 0; 0; 1; 0; 0; 0; 1; 0; 0;  Output: 0; -0; 0,0528; -0,0276; 0,7714; -0,0201; 0,1218; 1; Desired output: 0; 0; 0; 0; 1; 0; 0; 1;  Error: 0; -0; 0,0528; -0,0276; -0,2286; -0,0201; 0,1218; 0; 
Input: 0; 0; 0; 1; 0; 0; 0; 0; 0; 1; 0; 0; 0; 0; 1; 0;  Output: 0; -0; 0,0684; -0,0254; 0,7677; -0,0094; 0,0876; 1; Desired output: 0; 0; 0; 0; 1; 0; 0; 0;  Error: 0; -0; 0,0684; -0,0254; -0,2323; -0,0094; 0,0876; 1; 
Input: 0; 0; 0; 1; 0; 0; 0; 0; 0; 1; 0; 0; 0; 0; 0; 1;  Output: 0,0001; -0,0001; 1; 0,9178; 0,466; 0,1637; 0,3025; 1; Desired output: 0; 0; 1; 1; 0; 0; 0; 0;  Error: 0,0001; -0,0001; -0; -0,0822; 0,466; 0,1637; 0,3025; 1; 
Input: 0; 0; 0; 1; 0; 0; 0; 0; 0; 1; 0; 1; 1; 0; 0; 0;  Output: -0; 0; 0,1324; 0,0466; 0,0381; 0,6563; 0,7254; 1; Desired output: 0; 0; 0; 0; 0; 1; 0; 0;  Error: -0; 0; 0,1324; 0,0466; 0,0381; -0,3437; 0,7254; 1; 
Input: 0; 0; 0; 1; 0; 0; 0; 0; 0; 1; 0; 1; 0; 1; 0; 0;  Output: -0; 0; 0,1526; 0,0477; 0,0552; 0,648; 0,7182; 1; Desired output: 0; 0; 0; 0; 0; 1; 0; 1;  Error: -0; 0; 0,1526; 0,0477; 0,0552; -0,352; 0,7182; 0; 
Input: 0; 0; 0; 1; 0; 0; 0; 0; 0; 1; 0; 1; 0; 0; 1; 0;  Output: 0; -0; 0,1655; 0,0619; -0,0674; 0,6755; 0,7266; -0,0345; Desired output: 0; 0; 1; 1; 0; 1; 1; 0;  Error: 0; -0; -0,8345; -0,9381; -0,0674; -0,3245; -0,2734; -0,0345; 
Input: 0; 0; 0; 1; 0; 0; 0; 0; 0; 1; 0; 1; 0; 0; 0; 1;  Output: 0; -0; 0,1622; 0,0616; -0,0682; 0,6758; 0,7269; -0,0578; Desired output: 0; 0; 0; 0; 0; 1; 1; 0;  Error: 0; -0; 0,1622; 0,0616; -0,0682; -0,3242; -0,2731; -0,0578; 
Input: 0; 0; 0; 1; 0; 0; 0; 0; 0; 1; 1; 0; 1; 0; 0; 0;  Output: 0; 0; 0,8398; 0,1315; 0,3148; 0,4836; 0,5401; 1; Desired output: 0; 0; 1; 0; 1; 1; 1; 1;  Error: 0; 0; -0,1602; 0,1315; -0,6852; -0,5164; -0,4599; 0; 
Input: 0; 0; 0; 1; 0; 0; 0; 0; 0; 1; 1; 0; 0; 1; 0; 0;  Output: -0; 0; 0,1124; 0,0339; 0,1952; 0,5761; 0,6537; 1; Desired output: 0; 0; 0; 0; 0; 0; 1; 1;  Error: -0; 0; 0,1124; 0,0339; 0,1952; 0,5761; -0,3463; 0; 
Input: 0; 0; 0; 1; 0; 0; 0; 0; 0; 1; 1; 0; 0; 0; 1; 0;  Output: -0; 0; 0,1148; 0,0352; 0,1804; 0,5841; 0,6633; 1; Desired output: 0; 0; 0; 0; 0; 1; 0; 1;  Error: -0; 0; 0,1148; 0,0352; 0,1804; -0,4159; 0,6633; 0; 
Input: 0; 0; 0; 1; 0; 0; 0; 0; 0; 1; 1; 0; 0; 0; 0; 1;  Output: 0; -0; 1; 0,9323; -0,3261; 0,6873; 0,7743; 1; Desired output: 0; 0; 1; 1; 0; 0; 1; 1;  Error: 0; -0; -0; -0,0677; -0,3261; 0,6873; -0,2257; 0; 
Input: 0; 0; 0; 1; 0; 0; 0; 0; 0; 1; 1; 1; 1; 0; 0; 0;  Output: -0; 0; 0,1382; 0,0427; 0,1066; 0,6231; 0,6961; 1; Desired output: 0; 0; 0; 0; 0; 1; 1; 0;  Error: -0; 0; 0,1382; 0,0427; 0,1066; -0,3769; -0,3039; 1; 
Input: 0; 0; 0; 1; 0; 0; 0; 0; 0; 1; 1; 1; 0; 1; 0; 0;  Output: 0,0001; -0,0001; 1; 0,9151; 0,3735; 0,2527; 0,3884; 1; Desired output: 0; 0; 1; 1; 0; 0; 0; 0;  Error: 0,0001; -0,0001; -0; -0,0849; 0,3735; 0,2527; 0,3884; 1; 
Input: 0; 0; 0; 1; 0; 0; 0; 0; 0; 1; 1; 1; 0; 0; 1; 0;  Output: 0; -0; 0,1492; 0,0516; 0,0605; 0,6149; 0,6703; 0,9917; Desired output: 0; 0; 1; 0; 0; 0; 1; 1;  Error: 0; -0; -0,8508; 0,0516; 0,0605; 0,6149; -0,3297; -0,0083; 
Input: 0; 0; 0; 1; 0; 0; 0; 0; 0; 1; 1; 1; 0; 0; 0; 1;  Output: 0; -0; 0,1638; 0,0614; -0,0626; 0,6733; 0,7246; 0,0694; Desired output: 0; 0; 0; 0; 0; 1; 1; 0;  Error: 0; -0; 0,1638; 0,0614; -0,0626; -0,3267; -0,2754; 0,0694; 
Input: 0; 0; 0; 1; 0; 0; 0; 0; 1; 0; 0; 0; 1; 0; 0; 0;  Output: 0,0001; -0,0001; -0,0066; 0,0441; 0,0033; 0,9533; 1; 1; Desired output: 0; 0; 0; 0; 0; 1; 0; 1;  Error: 0,0001; -0,0001; -0,0066; 0,0441; 0,0033; -0,0467; 1; -0; 
Input: 0; 0; 0; 1; 0; 0; 0; 0; 1; 0; 0; 0; 0; 1; 0; 0;  Output: 0; -0,0001; -0,0128; 0,022; 0,0023; 0,9689; 1; 1; Desired output: 0; 0; 0; 0; 0; 1; 0; 1;  Error: 0; -0,0001; -0,0128; 0,022; 0,0023; -0,0311; 1; 0; 
Input: 0; 0; 0; 1; 0; 0; 0; 0; 1; 0; 0; 0; 0; 0; 1; 0;  Output: 0,0001; 0; -0,021; -0,0744; -0,2935; 0,9835; 1; 1; Desired output: 0; 0; 0; 0; 0; 1; 0; 1;  Error: 0,0001; 0; -0,021; -0,0744; -0,2935; -0,0165; 1; 0; 
Input: 0; 0; 0; 1; 0; 0; 0; 0; 1; 0; 0; 0; 0; 0; 0; 1;  Output: 0,0001; 0; 1; 0,9049; 0,0078; 0,7878; 0,5587; 1; Desired output: 0; 0; 1; 1; 0; 1; 0; 0;  Error: 0,0001; 0; -0; -0,0951; 0,0078; -0,2122; 0,5587; 1; 
Input: 0; 0; 0; 1; 0; 0; 0; 0; 1; 0; 0; 1; 1; 0; 0; 0;  Output: 0; 0; 0,893; 0,1565; -0,0002; 0,0141; 1; 1; Desired output: 0; 0; 1; 0; 0; 0; 1; 1;  Error: 0; 0; -0,107; 0,1565; -0,0002; 0,0141; -0; -0; 
Input: 0; 0; 0; 1; 0; 0; 0; 0; 1; 0; 0; 1; 0; 1; 0; 0;  Output: 0; -0; -0,0121; 0,0489; 0,0284; 0,9752; 1; 1; Desired output: 0; 0; 0; 0; 0; 1; 0; 0;  Error: 0; -0; -0,0121; 0,0489; 0,0284; -0,0248; 1; 1; 
Input: 0; 0; 0; 1; 0; 0; 0; 0; 1; 0; 0; 1; 0; 0; 1; 0;  Output: 0; -0; 0,1115; 0,0789; 0,0192; 0,9819; 1; 1; Desired output: 0; 0; 0; 0; 0; 1; 0; 1;  Error: 0; -0; 0,1115; 0,0789; 0,0192; -0,0181; 1; -0; 
Input: 0; 0; 0; 1; 0; 0; 0; 0; 1; 0; 0; 1; 0; 0; 0; 1;  Output: 0; -0; 0,1455; 0,0486; 0,0998; 0,5942; 0,6562; 0,9985; Desired output: 0; 0; 0; 0; 0; 1; 0; 1;  Error: 0; -0; 0,1455; 0,0486; 0,0998; -0,4058; 0,6562; -0,0015; 
Input: 0; 0; 0; 1; 0; 1; 0; 0; 0; 0; 0; 0; 1; 0; 0; 0;  Output: -0; 0; 0,0633; 0,0011; 0,97; 0,1564; 0,9094; 1; Desired output: 0; 0; 0; 0; 1; 0; 1; 0;  Error: -0; 0; 0,0633; 0,0011; -0,03; 0,1564; -0,0906; 1; 
Input: 0; 0; 0; 1; 0; 1; 0; 0; 0; 0; 0; 0; 0; 1; 0; 0;  Output: 0; -0; 0,0399; -0,0312; 0,7571; 0,143; 0,907; 1; Desired output: 0; 0; 0; 0; 1; 0; 1; 0;  Error: 0; -0; 0,0399; -0,0312; -0,2429; 0,143; -0,093; 1; 
Input: 0; 0; 0; 1; 0; 1; 0; 0; 0; 0; 0; 0; 0; 0; 1; 0;  Output: 0,0001; -0,0001; 1; 0,9216; 0,5697; 0,0445; 0,209; 1; Desired output: 0; 0; 1; 1; 1; 0; 0; 1;  Error: 0,0001; -0,0001; -0; -0,0784; -0,4303; 0,0445; 0,209; 0; 
Input: 0; 0; 0; 1; 0; 1; 0; 0; 0; 0; 0; 0; 0; 0; 0; 1;  Output: 0; -0; 0,0113; 0,0108; 0,9692; 0,1273; 0,9273; 1; Desired output: 0; 0; 0; 0; 1; 0; 1; 0;  Error: 0; -0; 0,0113; 0,0108; -0,0308; 0,1273; -0,0727; 1; 
Input: 0; 0; 0; 1; 0; 1; 0; 0; 0; 0; 0; 1; 1; 0; 0; 0;  Output: -0; -0; 0,7786; 0,05; 0,8305; 0,7404; 1; -0,0111; Desired output: 0; 0; 1; 0; 1; 1; 1; 0;  Error: -0; -0; -0,2214; 0,05; -0,1695; -0,2596; -0; -0,0111; 
Input: 0; 0; 0; 1; 0; 1; 0; 0; 0; 0; 0; 1; 0; 1; 0; 0;  Output: 0; -0; 0,1595; -0,0094; 0,7214; -0,1007; 0,8947; 1; Desired output: 0; 0; 0; 0; 1; 0; 1; 0;  Error: 0; -0; 0,1595; -0,0094; -0,2786; -0,1007; -0,1053; 1; 
Input: 0; 0; 0; 1; 0; 1; 0; 0; 0; 0; 0; 1; 0; 0; 1; 0;  Output: 0; -0; 0,0144; 0,0092; 0,9706; 0,0957; 0,9198; 1; Desired output: 0; 0; 0; 0; 1; 0; 1; 0;  Error: 0; -0; 0,0144; 0,0092; -0,0294; 0,0957; -0,0802; 1; 
Input: 0; 0; 0; 1; 0; 1; 0; 0; 0; 0; 0; 1; 0; 0; 0; 1;  Output: 0; -0; 0,0092; 0,0093; 0,9704; 0,113; 0,9287; 1; Desired output: 0; 0; 0; 0; 1; 0; 1; 0;  Error: 0; -0; 0,0092; 0,0093; -0,0296; 0,113; -0,0713; 1; 
Input: 0; 0; 0; 1; 0; 1; 0; 0; 0; 0; 1; 0; 1; 0; 0; 0;  Output: -0; 0; -0,0209; -0,0036; 0,9739; 0,023; 0,1079; 1; Desired output: 0; 0; 0; 0; 1; 0; 0; 1;  Error: -0; 0; -0,0209; -0,0036; -0,0261; 0,023; 0,1079; 0; 
Input: 0; 0; 0; 1; 0; 1; 0; 0; 0; 0; 1; 0; 0; 1; 0; 0;  Output: 0; -0; 0,053; -0,0272; 0,7719; -0,0158; 0,0726; 1; Desired output: 0; 0; 0; 0; 1; 0; 0; 0;  Error: 0; -0; 0,053; -0,0272; -0,2281; -0,0158; 0,0726; 1; 
Input: 0; 0; 0; 1; 0; 1; 0; 0; 0; 0; 1; 0; 0; 0; 1; 0;  Output: -0,0001; 0,0001; 0,9845; 0,1331; 0,0007; 0,0969; 1; 0,9999; Desired output: 0; 0; 1; 1; 0; 0; 0; 1;  Error: -0,0001; 0,0001; -0,0155; -0,8669; 0,0007; 0,0969; 1; -0,0001; 
Input: 0; 0; 0; 1; 0; 1; 0; 0; 0; 0; 1; 0; 0; 0; 0; 1;  Output: 0; -0; 0,0072; 0,0048; 0,9733; -0,0182; 0,0406; 1; Desired output: 0; 0; 0; 0; 1; 0; 0; 1;  Error: 0; -0; 0,0072; 0,0048; -0,0267; -0,0182; 0,0406; -0; 
Input: 0; 0; 0; 1; 0; 1; 0; 0; 0; 0; 1; 1; 1; 0; 0; 0;  Output: 0; -0; 0,0056; 0,005; 0,9731; -0,0122; 0,0461; 1; Desired output: 0; 0; 0; 0; 1; 0; 0; 0;  Error: 0; -0; 0,0056; 0,005; -0,0269; -0,0122; 0,0461; 1; 
Input: 0; 0; 0; 1; 0; 1; 0; 0; 0; 0; 1; 1; 0; 1; 0; 0;  Output: 0; -0; 0,0611; -0,0147; 0,7256; 0,0185; 0,0743; 1; Desired output: 0; 0; 0; 0; 1; 0; 0; 1;  Error: 0; -0; 0,0611; -0,0147; -0,2744; 0,0185; 0,0743; 0; 
Input: 0; 0; 0; 1; 0; 1; 0; 0; 0; 0; 1; 1; 0; 0; 1; 0;  Output: 0; -0; 0,007; 0,0048; 0,9733; -0,0188; 0,0297; 1; Desired output: 0; 0; 0; 0; 1; 0; 0; 0;  Error: 0; -0; 0,007; 0,0048; -0,0267; -0,0188; 0,0297; 1; 
Input: 0; 0; 0; 1; 0; 1; 0; 0; 0; 0; 1; 1; 0; 0; 0; 1;  Output: 0; -0; 0,007; 0,0048; 0,9733; -0,0188; 0,0297; 1; Desired output: 0; 0; 0; 0; 1; 0; 0; 0;  Error: 0; -0; 0,007; 0,0048; -0,0267; -0,0188; 0,0297; 1; 
Input: 0; 0; 0; 1; 0; 1; 0; 0; 0; 1; 0; 0; 1; 0; 0; 0;  Output: -0,0001; 0,0001; 0,986; 0,1997; -0,0151; 0,6138; 1; 0,9522; Desired output: 0; 0; 1; 1; 0; 1; 0; 1;  Error: -0,0001; 0,0001; -0,014; -0,8003; -0,0151; -0,3862; 1; -0,0478; 
Input: 0; 0; 0; 1; 0; 1; 0; 0; 0; 1; 0; 0; 0; 1; 0; 0;  Output: 0; -0; 0,033; -0,0297; 0,7713; -0,0166; 0,0976; 1; Desired output: 0; 0; 0; 0; 1; 0; 0; 0;  Error: 0; -0; 0,033; -0,0297; -0,2287; -0,0166; 0,0976; 1; 
Input: 0; 0; 0; 1; 0; 1; 0; 0; 0; 1; 0; 0; 0; 0; 1; 0;  Output: 0; -0; 0,0015; -0,0217; 0,7284; 0,0165; 0,0788; 1; Desired output: 0; 0; 0; 0; 1; 0; 0; 1;  Error: 0; -0; 0,0015; -0,0217; -0,2716; 0,0165; 0,0788; 0; 
Input: 0; 0; 0; 1; 0; 1; 0; 0; 0; 1; 0; 0; 0; 0; 0; 1;  Output: 0; -0; 0,016; 0,0018; 0,9613; -0,0136; 0,0453; 1; Desired output: 0; 0; 0; 0; 1; 0; 0; 0;  Error: 0; -0; 0,016; 0,0018; -0,0387; -0,0136; 0,0453; 1; 
Input: 0; 0; 0; 1; 0; 1; 0; 0; 0; 1; 0; 1; 1; 0; 0; 0;  Output: -0; 0; 0,9037; 0,181; 0,1587; 0,5813; 0,6611; 1; Desired output: 0; 0; 1; 0; 0; 0; 1; 1;  Error: -0; 0; -0,0963; 0,181; 0,1587; 0,5813; -0,3389; 0; 
Input: 0; 0; 0; 1; 0; 1; 0; 0; 0; 1; 0; 1; 0; 1; 0; 0;  Output: 0; -0; 0,1418; 0,0461; 0,1317; 0,5772; 0,6348; 0,9996; Desired output: 0; 0; 0; 0; 0; 1; 0; 1;  Error: 0; -0; 0,1418; 0,0461; 0,1317; -0,4228; 0,6348; -0,0004; 
Input: 0; 0; 0; 1; 0; 1; 0; 0; 0; 1; 0; 1; 0; 0; 1; 0;  Output: 0; -0; 0,1528; 0,0544; 0,0244; 0,6328; 0,687; 0,9609; Desired output: 0; 0; 1; 0; 0; 0; 1; 1;  Error: 0; -0; -0,8472; 0,0544; 0,0244; 0,6328; -0,313; -0,0391; 
Input: 0; 0; 0; 1; 0; 1; 0; 0; 0; 1; 0; 1; 0; 0; 0; 1;  Output: 0; -0; 0,1396; 0,0444; 0,1535; 0,565; 0,6232; 0,9999; Desired output: 0; 0; 0; 0; 0; 1; 0; 1;  Error: 0; -0; 0,1396; 0,0444; 0,1535; -0,435; 0,6232; -0,0001; 
Input: 0; 0; 0; 1; 0; 1; 0; 0; 0; 1; 1; 0; 1; 0; 0; 0;  Output: -0; 0; 0,1172; 0,0376; 0,1494; 0,6011; 0,6764; 1; Desired output: 0; 0; 0; 0; 0; 0; 1; 0;  Error: -0; 0; 0,1172; 0,0376; 0,1494; 0,6011; -0,3236; 1; 
Input: 0; 0; 0; 1; 0; 1; 0; 0; 0; 1; 1; 0; 0; 1; 0; 0;  Output: -0; 0; 0,1111; 0,0324; 0,2145; 0,5643; 0,6502; 1; Desired output: 0; 0; 0; 0; 0; 0; 1; 0;  Error: -0; 0; 0,1111; 0,0324; 0,2145; 0,5643; -0,3498; 1; 
Input: 0; 0; 0; 1; 0; 1; 0; 0; 0; 1; 1; 0; 0; 0; 1; 0;  Output: 0; -0; 0,8873; 0,1581; 0,4715; 0,6768; 1; 1; Desired output: 0; 0; 1; 0; 1; 1; 1; 0;  Error: 0; -0; -0,1127; 0,1581; -0,5285; -0,3232; -0; 1; 
Input: 0; 0; 0; 1; 0; 1; 0; 0; 0; 1; 1; 0; 0; 0; 0; 1;  Output: 0; -0; 0,1682; 0,0472; 0,1555; 0,5616; 0,6411; 0,9999; Desired output: 0; 0; 0; 0; 0; 0; 1; 1;  Error: 0; -0; 0,1682; 0,0472; 0,1555; 0,5616; -0,3589; -0,0001; 
Input: 0; 0; 0; 1; 0; 1; 0; 0; 0; 1; 1; 1; 1; 0; 0; 0;  Output: 0; -0; 1; 0,9321; -0,3135; 0,6812; 0,7694; 1; Desired output: 0; 0; 1; 1; 0; 0; 1; 1;  Error: 0; -0; -0; -0,0679; -0,3135; 0,6812; -0,2306; 0; 
Input: 0; 0; 0; 1; 0; 1; 0; 0; 0; 1; 1; 1; 0; 1; 0; 0;  Output: 0; -0; 0,0869; 0,0047; 0,5841; 0,2189; 0,2801; 1; Desired output: 0; 0; 0; 0; 0; 0; 0; 1;  Error: 0; -0; 0,0869; 0,0047; 0,5841; 0,2189; 0,2801; -0; 
Input: 0; 0; 0; 1; 0; 1; 0; 0; 0; 1; 1; 1; 0; 0; 1; 0;  Output: 0; -0; 0,1242; 0,0327; 0,2962; 0,476; 0,5374; 1; Desired output: 0; 0; 0; 0; 0; 0; 1; 0;  Error: 0; -0; 0,1242; 0,0327; 0,2962; 0,476; -0,4626; 1; 
Input: 0; 0; 0; 1; 0; 1; 0; 0; 0; 1; 1; 1; 0; 0; 0; 1;  Output: 0; -0; 0,1546; 0,0558; 0,0068; 0,6413; 0,695; 0,9176; Desired output: 0; 0; 1; 1; 0; 0; 1; 1;  Error: 0; -0; -0,8454; -0,9442; 0,0068; 0,6413; -0,305; -0,0824; 
Input: 0; 0; 0; 1; 0; 1; 0; 0; 1; 0; 0; 0; 1; 0; 0; 0;  Output: 0,0001; -0,0002; 0,0449; -0,0297; -0,0209; 0,9974; 1; 0,0005; Desired output: 0; 0; 0; 0; 0; 1; 0; 0;  Error: 0,0001; -0,0002; 0,0449; -0,0297; -0,0209; -0,0026; 1; 0,0005; 
Input: 0; 0; 0; 1; 0; 1; 0; 0; 1; 0; 0; 0; 0; 1; 0; 0;  Output: -0,0001; 0,0001; 0,9868; 0,1268; 0,0328; 0,0289; 1; 1; Desired output: 0; 0; 1; 0; 0; 0; 1; 1;  Error: -0,0001; 0,0001; -0,0132; 0,1268; 0,0328; 0,0289; -0; 0; 
Input: 0; 0; 0; 1; 0; 1; 0; 0; 1; 0; 0; 0; 0; 0; 1; 0;  Output: -0; -0; 0,6424; 0,0497; 0,3667; 0,6143; 1; 1; Desired output: 0; 0; 1; 0; 1; 1; 1; 1;  Error: -0; -0; -0,3576; 0,0497; -0,6333; -0,3857; -0; -0; 
Input: 0; 0; 0; 1; 0; 1; 0; 0; 1; 0; 0; 0; 0; 0; 0; 1;  Output: 0; -0; 0,5714; 0,1097; -0,0922; 0,681; 0,727; 0,5966; Desired output: 0; 0; 0; 0; 0; 1; 0; 1;  Error: 0; -0; 0,5714; 0,1097; -0,0922; -0,319; 0,727; -0,4034; 
Input: 0; 0; 0; 1; 0; 1; 0; 0; 1; 0; 0; 1; 1; 0; 0; 0;  Output: -0,0001; 0,0001; 0,9849; 0,1305; 0,0167; 0,0677; 1; 0,9997; Desired output: 0; 0; 1; 0; 0; 0; 1; 1;  Error: -0,0001; 0,0001; -0,0151; 0,1305; 0,0167; 0,0677; -0; -0,0003; 
Input: 0; 0; 0; 1; 0; 1; 0; 0; 1; 0; 0; 1; 0; 1; 0; 0;  Output: 0; -0; 0,2585; 0,0386; 0,2825; 0,4585; 0,8752; 1; Desired output: 0; 0; 0; 0; 0; 0; 1; 1;  Error: 0; -0; 0,2585; 0,0386; 0,2825; 0,4585; -0,1248; -0; 
Input: 0; 0; 0; 1; 0; 1; 0; 0; 1; 0; 0; 1; 0; 0; 1; 0;  Output: 0; -0; 0,0977; 0,0597; 0,0477; 0,9748; 1; 1; Desired output: 0; 0; 0; 0; 0; 1; 0; 1;  Error: 0; -0; 0,0977; 0,0597; 0,0477; -0,0252; 1; 0; 
Input: 0; 0; 0; 1; 0; 1; 0; 0; 1; 0; 0; 1; 0; 0; 0; 1;  Output: 0; -0; 0,0965; 0,0584; 0,0639; 0,9735; 1; 1; Desired output: 0; 0; 0; 0; 0; 1; 0; 0;  Error: 0; -0; 0,0965; 0,0584; 0,0639; -0,0265; 1; 1; 
Input: 0; 0; 0; 1; 1; 0; 0; 0; 0; 0; 0; 0; 1; 0; 0; 0;  Output: -0; 0; -0,0251; -0,0064; 0,9762; 0,0684; 0,9094; 1; Desired output: 0; 0; 0; 0; 1; 0; 1; 0;  Error: -0; 0; -0,0251; -0,0064; -0,0238; 0,0684; -0,0906; 1; 
Input: 0; 0; 0; 1; 1; 0; 0; 0; 0; 0; 0; 0; 0; 1; 0; 0;  Output: 0; -0; 0,0268; -0,0301; 0,7722; -0,0164; 0,0689; 1; Desired output: 0; 0; 0; 0; 1; 0; 1; 0;  Error: 0; -0; 0,0268; -0,0301; -0,2278; -0,0164; -0,9311; 1; 
Input: 0; 0; 0; 1; 1; 0; 0; 0; 0; 0; 0; 0; 0; 0; 1; 0;  Output: 0,0001; -0,0001; 1; 0,99; 0,106; 0,2404; -0,026; 1; Desired output: 0; 0; 1; 1; 0; 0; 0; 1;  Error: 0,0001; -0,0001; 0; -0,01; 0,106; 0,2404; -0,026; 0; 
Input: 0; 0; 0; 1; 1; 0; 0; 0; 0; 0; 0; 0; 0; 0; 0; 1;  Output: -0; 0; 0,0816; 0,0603; 0,8924; 0,5116; 0,5703; 0,002; Desired output: 0; 0; 0; 0; 1; 0; 1; 0;  Error: -0; 0; 0,0816; 0,0603; -0,1076; 0,5116; -0,4297; 0,002; 
Input: 0; 0; 0; 1; 1; 0; 0; 0; 0; 0; 0; 1; 1; 0; 0; 0;  Output: -0; -0; 0,1159; 0,1313; 0,5342; 0,9904; 1; -0,0211; Desired output: 0; 0; 1; 1; 0; 1; 1; 0;  Error: -0; -0; -0,8841; -0,8687; 0,5342; -0,0096; 0; -0,0211; 
Input: 0; 0; 0; 1; 1; 0; 0; 0; 0; 0; 0; 1; 0; 1; 0; 0;  Output: 0; -0; 0,1211; -0,0082; 0,7251; 0,0188; 0,0723; 1; Desired output: 0; 0; 0; 0; 1; 0; 0; 1;  Error: 0; -0; 0,1211; -0,0082; -0,2749; 0,0188; 0,0723; 0; 
Input: 0; 0; 0; 1; 1; 0; 0; 0; 0; 0; 0; 1; 0; 0; 1; 0;  Output: 0; -0; 0,0101; 0,0105; 0,9695; 0,1433; 0,9637; 1; Desired output: 0; 0; 0; 0; 1; 0; 1; 0;  Error: 0; -0; 0,0101; 0,0105; -0,0305; 0,1433; -0,0363; 1; 
Input: 0; 0; 0; 1; 1; 0; 0; 0; 0; 0; 0; 1; 0; 0; 0; 1;  Output: 0; -0; 0,0071; 0,0048; 0,9733; -0,0181; 0,0307; 1; Desired output: 0; 0; 0; 0; 1; 0; 1; 0;  Error: 0; -0; 0,0071; 0,0048; -0,0267; -0,0181; -0,9693; 1; 
Input: 0; 0; 0; 1; 1; 0; 0; 0; 0; 0; 1; 0; 1; 0; 0; 0;  Output: -0; 0; -0,016; -0,0093; 0,9783; -0,0488; 0,0856; 1; Desired output: 0; 0; 0; 0; 1; 0; 0; 0;  Error: -0; 0; -0,016; -0,0093; -0,0217; -0,0488; 0,0856; 1; 
Input: 0; 0; 0; 1; 1; 0; 0; 0; 0; 0; 1; 0; 0; 1; 0; 0;  Output: 0; -0; 0,0817; -0,0246; 0,7711; -0,0154; 0,068; 1; Desired output: 0; 0; 0; 0; 1; 0; 0; 0;  Error: 0; -0; 0,0817; -0,0246; -0,2289; -0,0154; 0,068; 1; 
Input: 0; 0; 0; 1; 1; 0; 0; 0; 0; 0; 1; 0; 0; 0; 1; 0;  Output: 0,0001; -0; 1; 0,9009; 0,1812; 0,2811; -0,1845; 1; Desired output: 0; 0; 1; 1; 0; 1; 0; 0;  Error: 0,0001; -0; -0; -0,0991; 0,1812; -0,7189; -0,1845; 1; 
Input: 0; 0; 0; 1; 1; 0; 0; 0; 0; 0; 1; 0; 0; 0; 0; 1;  Output: 0; -0; 0,0214; 0,0063; 0,9733; -0,0188; 0,0298; 1; Desired output: 0; 0; 0; 0; 1; 0; 0; 1;  Error: 0; -0; 0,0214; 0,0063; -0,0267; -0,0188; 0,0298; -0; 
Input: 0; 0; 0; 1; 1; 0; 0; 0; 0; 0; 1; 1; 1; 0; 0; 0;  Output: 0; -0; 0,0072; 0,0048; 0,9733; -0,0187; 0,0299; 1; Desired output: 0; 0; 0; 0; 1; 0; 0; 0;  Error: 0; -0; 0,0072; 0,0048; -0,0267; -0,0187; 0,0299; 1; 
Input: 0; 0; 0; 1; 1; 0; 0; 0; 0; 0; 1; 1; 0; 1; 0; 0;  Output: 0; -0; 0,0681; -0,014; 0,7256; 0,0187; 0,0719; 1; Desired output: 0; 0; 0; 0; 1; 0; 0; 0;  Error: 0; -0; 0,0681; -0,014; -0,2744; 0,0187; 0,0719; 1; 
Input: 0; 0; 0; 1; 1; 0; 0; 0; 0; 0; 1; 1; 0; 0; 1; 0;  Output: 0; -0; 0,007; 0,0048; 0,9733; -0,0188; 0,0297; 1; Desired output: 0; 0; 0; 0; 1; 0; 0; 0;  Error: 0; -0; 0,007; 0,0048; -0,0267; -0,0188; 0,0297; 1; 
Input: 0; 0; 0; 1; 1; 0; 0; 0; 0; 0; 1; 1; 0; 0; 0; 1;  Output: 0; -0; 0,0073; 0,005; 0,9732; -0,0168; 0,0319; 1; Desired output: 0; 0; 0; 0; 1; 0; 0; 0;  Error: 0; -0; 0,0073; 0,005; -0,0268; -0,0168; 0,0319; 1; 
Input: 0; 0; 0; 1; 1; 0; 0; 0; 0; 1; 0; 0; 1; 0; 0; 0;  Output: 0; 0; 0,9042; 0,1668; 0,1841; 0,5636; 0,6116; 1; Desired output: 0; 0; 1; 0; 0; 0; 1; 1;  Error: 0; 0; -0,0958; 0,1668; 0,1841; 0,5636; -0,3884; 0; 
Input: 0; 0; 0; 1; 1; 0; 0; 0; 0; 1; 0; 0; 0; 1; 0; 0;  Output: 0; 0; 0,8926; 0,1612; 0,1792; 0,5655; 0,6149; 1; Desired output: 0; 0; 1; 0; 0; 0; 1; 1;  Error: 0; 0; -0,1074; 0,1612; 0,1792; 0,5655; -0,3851; 0; 
Input: 0; 0; 0; 1; 1; 0; 0; 0; 0; 1; 0; 0; 0; 0; 1; 0;  Output: 0; -0; -0,0477; -0,0381; 0,7728; -0,0165; 0,0684; 1; Desired output: 0; 0; 0; 0; 1; 0; 0; 0;  Error: 0; -0; -0,0477; -0,0381; -0,2272; -0,0165; 0,0684; 1; 
Input: 0; 0; 0; 1; 1; 0; 0; 0; 0; 1; 0; 0; 0; 0; 0; 1;  Output: -0; 0; -0,0271; -0,0105; 0,9783; -0,053; 0,0277; 1; Desired output: 0; 0; 0; 0; 1; 0; 0; 1;  Error: -0; 0; -0,0271; -0,0105; -0,0217; -0,053; 0,0277; 0; 
Input: 0; 0; 0; 1; 1; 0; 0; 0; 0; 1; 0; 1; 1; 0; 0; 0;  Output: -0; 0; 0,122; 0,0412; 0,103; 0,6251; 0,6983; 1; Desired output: 0; 0; 0; 0; 0; 1; 0; 0;  Error: -0; 0; 0,122; 0,0412; 0,103; -0,3749; 0,6983; 1; 
Input: 0; 0; 0; 1; 1; 0; 0; 0; 0; 1; 0; 1; 0; 1; 0; 0;  Output: -0; 0; -0,0039; 0,0213; 0,2006; 0,573; 0,65; 1; Desired output: 0; 0; 0; 0; 0; 1; 0; 1;  Error: -0; 0; -0,0039; 0,0213; 0,2006; -0,427; 0,65; 0; 
Input: 0; 0; 0; 1; 1; 0; 0; 0; 0; 1; 0; 1; 0; 0; 1; 0;  Output: 0; -0; 0,1601; 0,0613; -0,0306; 0,6713; 0,7227; 0,007; Desired output: 0; 0; 1; 1; 0; 0; 0; 0;  Error: 0; -0; -0,8399; -0,9387; -0,0306; 0,6713; 0,7227; 0,007; 
Input: 0; 0; 0; 1; 1; 0; 0; 0; 0; 1; 0; 1; 0; 0; 0; 1;  Output: 0; -0; 0,158; 0,0613; 0,0095; 0,6678; 0,7194; -0,0088; Desired output: 0; 0; 0; 0; 0; 1; 0; 0;  Error: 0; -0; 0,158; 0,0613; 0,0095; -0,3322; 0,7194; -0,0088; 
Input: 0; 0; 0; 1; 1; 0; 0; 0; 0; 1; 1; 0; 1; 0; 0; 0;  Output: -0; 0; 0,1285; 0,0461; 0,0405; 0,6552; 0,7246; 1; Desired output: 0; 0; 1; 1; 0; 0; 1; 1;  Error: -0; 0; -0,8715; -0,9539; 0,0405; 0,6552; -0,2754; 0; 
Input: 0; 0; 0; 1; 1; 0; 0; 0; 0; 1; 1; 0; 0; 1; 0; 0;  Output: -0; 0; 0,1287; 0,0462; 0,0389; 0,6559; 0,7252; 1; Desired output: 0; 0; 0; 0; 0; 1; 0; 0;  Error: -0; 0; 0,1287; 0,0462; 0,0389; -0,3441; 0,7252; 1; 
Input: 0; 0; 0; 1; 1; 0; 0; 0; 0; 1; 1; 0; 0; 0; 1; 0;  Output: -0; 0; 0,0117; 0,0322; 0,0623; 0,6461; 0,7202; 1; Desired output: 0; 0; 0; 0; 0; 1; 0; 0;  Error: -0; 0; 0,0117; 0,0322; 0,0623; -0,3539; 0,7202; 1; 
Input: 0; 0; 0; 1; 1; 0; 0; 0; 0; 1; 1; 0; 0; 0; 0; 1;  Output: -0; 0; 0,112; 0,0337; 0,1982; 0,5743; 0,6523; 1; Desired output: 0; 0; 0; 0; 0; 0; 1; 1;  Error: -0; 0; 0,112; 0,0337; 0,1982; 0,5743; -0,3477; 0; 
Input: 0; 0; 0; 1; 1; 0; 0; 0; 0; 1; 1; 1; 1; 0; 0; 0;  Output: -0; 0; 0,1284; 0,046; 0,0409; 0,655; 0,7243; 1; Desired output: 0; 0; 0; 0; 0; 0; 0; 0;  Error: -0; 0; 0,1284; 0,046; 0,0409; 0,655; 0,7243; 1; 
Input: 0; 0; 0; 1; 1; 0; 0; 0; 0; 1; 1; 1; 0; 1; 0; 0;  Output: 0; -0; 0,0063; -0,0048; 0,5457; 0,3095; 0,4007; 1; Desired output: 0; 0; 0; 0; 0; 0; 0; 0;  Error: 0; -0; 0,0063; -0,0048; 0,5457; 0,3095; 0,4007; 1; 
Input: 0; 0; 0; 1; 1; 0; 0; 0; 0; 1; 1; 1; 0; 0; 1; 0;  Output: 0; -0; 0,1612; 0,0608; -0,0584; 0,6715; 0,7229; 0,1543; Desired output: 0; 0; 0; 0; 0; 0; 0; 0;  Error: 0; -0; 0,1612; 0,0608; -0,0584; 0,6715; 0,7229; 0,1543; 
Input: 0; 0; 0; 1; 1; 0; 0; 0; 0; 1; 1; 1; 0; 0; 0; 1;  Output: 0; -0; 0,0873; 0,0035; 0,5962; 0,2045; 0,2655; 1; Desired output: 0; 0; 0; 0; 0; 0; 0; 0;  Error: 0; -0; 0,0873; 0,0035; 0,5962; 0,2045; 0,2655; 1; 
Input: 0; 0; 0; 1; 1; 0; 0; 0; 1; 0; 0; 0; 1; 0; 0; 0;  Output: -0; -0; 0,0946; 0,022; 0,3406; 0,5187; 0,8956; 1; Desired output: 0; 0; 0; 0; 0; 0; 1; 0;  Error: -0; -0; 0,0946; 0,022; 0,3406; 0,5187; -0,1044; 1; 
Input: 0; 0; 0; 1; 1; 0; 0; 0; 1; 0; 0; 0; 0; 1; 0; 0;  Output: 0; -0; 0,066; -0,0087; 0,644; 0,1937; 0,2991; 1; Desired output: 0; 0; 0; 0; 0; 0; 0; 1;  Error: 0; -0; 0,066; -0,0087; 0,644; 0,1937; 0,2991; 0; 
Input: 0; 0; 0; 1; 1; 0; 0; 0; 1; 0; 0; 0; 0; 0; 1; 0;  Output: 0; -0; 0,8818; 0,157; 0,3268; 0,4773; 0,562; 1; Desired output: 0; 0; 1; 0; 1; 1; 1; 0;  Error: 0; -0; -0,1182; 0,157; -0,6732; -0,5227; -0,438; 1; 
Input: 0; 0; 0; 1; 1; 0; 0; 0; 1; 0; 0; 0; 0; 0; 0; 1;  Output: -0; 0; 0,8971; 0,1879; 0,7639; 0,6918; 0,652; -0,002; Desired output: 0; 0; 1; 0; 1; 1; 1; 0;  Error: -0; 0; -0,1029; 0,1879; -0,2361; -0,3082; -0,348; -0,002; 
Input: 0; 0; 0; 1; 1; 0; 0; 0; 1; 0; 0; 1; 1; 0; 0; 0;  Output: 0; -0; 0,8887; 0,1554; 0,4746; 0,689; 1; 1; Desired output: 0; 0; 1; 0; 1; 1; 1; 0;  Error: 0; -0; -0,1113; 0,1554; -0,5254; -0,311; -0; 1; 
Input: 0; 0; 0; 1; 1; 0; 0; 0; 1; 0; 0; 1; 0; 1; 0; 0;  Output: 0; -0; 0,1624; 0,0618; -0,0702; 0,6832; 0,8133; 0,0525; Desired output: 0; 0; 0; 0; 0; 0; 1; 0;  Error: 0; -0; 0,1624; 0,0618; -0,0702; 0,6832; -0,1867; 0,0525; 
Input: 0; 0; 0; 1; 1; 0; 0; 0; 1; 0; 0; 1; 0; 0; 1; 0;  Output: 0; -0; 0,1606; 0,0623; -0,0414; 0,686; 0,846; -0,0106; Desired output: 0; 0; 0; 0; 0; 0; 1; 0;  Error: 0; -0; 0,1606; 0,0623; -0,0414; 0,686; -0,154; -0,0106; 
Input: 0; 0; 0; 1; 1; 0; 0; 0; 1; 0; 0; 1; 0; 0; 0; 1;  Output: 0; -0; 0,1421; 0,0463; 0,1292; 0,5786; 0,6361; 0,9996; Desired output: 0; 0; 0; 0; 0; 0; 1; 1;  Error: 0; -0; 0,1421; 0,0463; 0,1292; 0,5786; -0,3639; -0,0004; 
Input: 0; 0; 0; 1; 1; 1; 0; 0; 0; 0; 0; 0; 1; 0; 0; 0;  Output: -0; 0; -0,0272; -0,0105; 0,9783; -0,052; 0,05; 1; Desired output: 0; 0; 0; 0; 1; 0; 0; 1;  Error: -0; 0; -0,0272; -0,0105; -0,0217; -0,052; 0,05; 0; 
Input: 0; 0; 0; 1; 1; 1; 0; 0; 0; 0; 0; 0; 0; 1; 0; 0;  Output: 0; -0; 0,0282; -0,0299; 0,7722; -0,0164; 0,0689; 1; Desired output: 0; 0; 0; 0; 1; 0; 0; 1;  Error: 0; -0; 0,0282; -0,0299; -0,2278; -0,0164; 0,0689; 0; 
Input: 0; 0; 0; 1; 1; 1; 0; 0; 0; 0; 0; 0; 0; 0; 1; 0;  Output: 0,0001; -0,0001; 1; 0,9911; 0,106; 0,2367; -0,0096; 1; Desired output: 0; 0; 1; 1; 0; 0; 0; 1;  Error: 0,0001; -0,0001; 0; -0,0089; 0,106; 0,2367; -0,0096; 0; 
Input: 0; 0; 0; 1; 1; 1; 0; 0; 0; 0; 0; 0; 0; 0; 0; 1;  Output: -0; 0; 0,0829; 0,0604; 0,8924; 0,5117; 0,5703; 0,004; Desired output: 0; 0; 0; 0; 1; 0; 1; 0;  Error: -0; 0; 0,0829; 0,0604; -0,1076; 0,5117; -0,4297; 0,004; 
Input: 0; 0; 0; 1; 1; 1; 0; 0; 0; 0; 0; 1; 1; 0; 0; 0;  Output: 0; -0; 0,0091; 0,005; 0,9733; -0,0188; 0,0297; 1; Desired output: 0; 0; 0; 0; 1; 0; 0; 1;  Error: 0; -0; 0,0091; 0,005; -0,0267; -0,0188; 0,0297; -0; 
Input: 0; 0; 0; 1; 1; 1; 0; 0; 0; 0; 0; 1; 0; 1; 0; 0;  Output: 0; -0; 0,061; -0,0147; 0,7256; 0,0187; 0,0718; 1; Desired output: 0; 0; 0; 0; 1; 0; 0; 0;  Error: 0; -0; 0,061; -0,0147; -0,2744; 0,0187; 0,0718; 1; 
Input: 0; 0; 0; 1; 1; 1; 0; 0; 0; 0; 0; 1; 0; 0; 1; 0;  Output: 0; -0; 0,0071; 0,0048; 0,9733; -0,0177; 0,0432; 1; Desired output: 0; 0; 0; 0; 1; 0; 0; 1;  Error: 0; -0; 0,0071; 0,0048; -0,0267; -0,0177; 0,0432; -0; 
Input: 0; 0; 0; 1; 1; 1; 0; 0; 0; 0; 0; 1; 0; 0; 0; 1;  Output: 0; -0; 0,0208; -0,0002; 0,9506; -0,0091; 0,0407; 1; Desired output: 0; 0; 0; 0; 1; 0; 0; 0;  Error: 0; -0; 0,0208; -0,0002; -0,0494; -0,0091; 0,0407; 1; 
Input: 0; 0; 0; 1; 1; 1; 0; 0; 0; 0; 1; 0; 1; 0; 0; 0;  Output: -0; 0; 0,0594; -0,0013; 0,9778; -0,0428; 0,0646; 1; Desired output: 0; 0; 0; 0; 1; 0; 0; 0;  Error: -0; 0; 0,0594; -0,0013; -0,0222; -0,0428; 0,0646; 1; 
Input: 0; 0; 0; 1; 1; 1; 0; 0; 0; 0; 1; 0; 0; 1; 0; 0;  Output: 0; -0; 0,0263; -0,0301; 0,7721; -0,016; 0,072; 1; Desired output: 0; 0; 0; 0; 1; 0; 0; 0;  Error: 0; -0; 0,0263; -0,0301; -0,2279; -0,016; 0,072; 1; 
Input: 0; 0; 0; 1; 1; 1; 0; 0; 0; 0; 1; 0; 0; 0; 1; 0;  Output: 0; -0; 0,061; -0,0147; 0,7257; 0,0187; 0,0718; 1; Desired output: 0; 0; 0; 0; 1; 0; 0; 0;  Error: 0; -0; 0,061; -0,0147; -0,2743; 0,0187; 0,0718; 1; 
Input: 0; 0; 0; 1; 1; 1; 0; 0; 0; 0; 1; 0; 0; 0; 0; 1;  Output: 0; -0; 0,007; 0,0048; 0,9733; -0,0184; 0,0302; 1; Desired output: 0; 0; 0; 0; 1; 0; 0; 0;  Error: 0; -0; 0,007; 0,0048; -0,0267; -0,0184; 0,0302; 1; 
Input: 0; 0; 0; 1; 1; 1; 0; 0; 0; 0; 1; 1; 1; 0; 0; 0;  Output: 0; -0; 0,1545; 0,0557; 0,008; 0,6408; 0,6945; 0,9214; Desired output: 0; 0; 0; 0; 0; 1; 1; 1;  Error: 0; -0; 0,1545; 0,0557; 0,008; -0,3592; -0,3055; -0,0786; 
Input: 0; 0; 0; 1; 1; 1; 0; 0; 0; 0; 1; 1; 0; 1; 0; 0;  Output: 0; -0; 0,1542; 0,0555; 0,0111; 0,6393; 0,6931; 0,9312; Desired output: 0; 0; 0; 0; 0; 1; 1; 1;  Error: 0; -0; 0,1542; 0,0555; 0,0111; -0,3607; -0,3069; -0,0688; 
Input: 0; 0; 0; 1; 1; 1; 0; 0; 0; 0; 1; 1; 0; 0; 1; 0;  Output: 0; -0; 0,0079; 0,0054; 0,9729; -0,0121; 0,0369; 1; Desired output: 0; 0; 0; 0; 1; 0; 0; 0;  Error: 0; -0; 0,0079; 0,0054; -0,0271; -0,0121; 0,0369; 1; 
Input: 0; 0; 0; 1; 1; 1; 0; 0; 0; 0; 1; 1; 0; 0; 0; 1;  Output: 0; -0; 0,0609; -0,0147; 0,7265; 0,0186; 0,0718; 1; Desired output: 0; 0; 0; 0; 0; 1; 1; 1;  Error: 0; -0; 0,0609; -0,0147; 0,7265; -0,9814; -0,9282; 0; 
Input: 0; 0; 0; 1; 1; 1; 0; 0; 0; 1; 0; 0; 1; 0; 0; 0;  Output: -0; 0; 0,1287; 0,0463; 0,0382; 0,6562; 0,7254; 1; Desired output: 0; 0; 0; 0; 0; 1; 1; 0;  Error: -0; 0; 0,1287; 0,0463; 0,0382; -0,3438; -0,2746; 1; 
Input: 0; 0; 0; 1; 1; 1; 0; 0; 0; 1; 0; 0; 0; 1; 0; 0;  Output: -0; 0; 0,1257; 0,044; 0,0669; 0,6427; 0,7135; 1; Desired output: 0; 0; 0; 0; 0; 1; 1; 0;  Error: -0; 0; 0,1257; 0,044; 0,0669; -0,3573; -0,2865; 1; 
Input: 0; 0; 0; 1; 1; 1; 0; 0; 0; 1; 0; 0; 0; 0; 1; 0;  Output: -0; 0; 0,1269; 0,045; 0,0543; 0,6487; 0,7188; 1; Desired output: 0; 0; 0; 0; 0; 1; 1; 1;  Error: -0; 0; 0,1269; 0,045; 0,0543; -0,3513; -0,2812; 0; 
Input: 0; 0; 0; 1; 1; 1; 0; 0; 0; 1; 0; 0; 0; 0; 0; 1;  Output: -0; 0; 0,9057; 0,2147; 0,8518; 0,6237; 0,6977; 1; Desired output: 0; 0; 1; 0; 1; 1; 1; 1;  Error: -0; 0; -0,0943; 0,2147; -0,1482; -0,3763; -0,3023; -0; 
Input: 0; 0; 0; 1; 1; 1; 0; 0; 0; 1; 0; 1; 1; 0; 0; 0;  Output: -0; 0; 0,1288; 0,0463; 0,0383; 0,6562; 0,7254; 1; Desired output: 0; 0; 0; 0; 0; 1; 0; 1;  Error: -0; 0; 0,1288; 0,0463; 0,0383; -0,3438; 0,7254; 0; 
Input: 0; 0; 0; 1; 1; 1; 0; 0; 0; 1; 0; 1; 0; 1; 0; 0;  Output: 0; -0; -0,0101; 0,0426; -0,0602; 0,6739; 0,7249; 0,0143; Desired output: 0; 0; 0; 0; 0; 1; 1; 0;  Error: 0; -0; -0,0101; 0,0426; -0,0602; -0,3261; -0,2751; 0,0143; 
Input: 0; 0; 0; 1; 1; 1; 0; 0; 0; 1; 0; 1; 0; 0; 1; 0;  Output: 0; -0; 0,1621; 0,0615; -0,067; 0,6753; 0,7264; -0,0326; Desired output: 0; 0; 0; 0; 0; 1; 1; 0;  Error: 0; -0; 0,1621; 0,0615; -0,067; -0,3247; -0,2736; -0,0326; 
Input: 0; 0; 0; 1; 1; 1; 0; 0; 0; 1; 0; 1; 0; 0; 0; 1;  Output: 0; -0; 0,1547; 0,0559; 0,0059; 0,6417; 0,6953; 0,9146; Desired output: 0; 0; 0; 0; 0; 1; 0; 1;  Error: 0; -0; 0,1547; 0,0559; 0,0059; -0,3583; 0,6953; -0,0854; 
Input: 0; 0; 0; 1; 1; 1; 0; 0; 0; 1; 1; 0; 1; 0; 0; 0;  Output: -0; 0; 0,1287; 0,0463; 0,0381; 0,6563; 0,7261; 1; Desired output: 0; 0; 1; 0; 0; 0; 1; 1;  Error: -0; 0; -0,8713; 0,0463; 0,0381; 0,6563; -0,2739; 0; 
Input: 0; 0; 0; 1; 1; 1; 0; 0; 0; 1; 1; 0; 0; 1; 0; 0;  Output: -0; 0; 0,0993; 0,0242; 0,3125; 0,5039; 0,5874; 1; Desired output: 0; 0; 1; 0; 1; 1; 1; 1;  Error: -0; 0; -0,9007; 0,0242; -0,6875; -0,4961; -0,4126; 0; 
Input: 0; 0; 0; 1; 1; 1; 0; 0; 0; 1; 1; 0; 0; 0; 1; 0;  Output: 0; -0; -0,0057; 0,0412; -0,0382; 0,6663; 0,7193; 0,966; Desired output: 0; 0; 0; 0; 0; 1; 0; 1;  Error: 0; -0; -0,0057; 0,0412; -0,0382; -0,3337; 0,7193; -0,034; 
Input: 0; 0; 0; 1; 1; 1; 0; 0; 0; 1; 1; 0; 0; 0; 0; 1;  Output: -0; 0; -0,0035; 0,033; 0,0314; 0,6579; 0,7254; 1; Desired output: 0; 0; 0; 0; 0; 1; 0; 0;  Error: -0; 0; -0,0035; 0,033; 0,0314; -0,3421; 0,7254; 1; 
Input: 0; 0; 0; 1; 1; 1; 0; 0; 0; 1; 1; 1; 1; 0; 0; 0;  Output: -0; 0; -0,0228; 0,03; 0,041; 0,6561; 0,7249; 1; Desired output: 0; 0; 0; 0; 0; 0; 0; 1;  Error: -0; 0; -0,0228; 0,03; 0,041; 0,6561; 0,7249; 0; 
Input: 0; 0; 0; 1; 1; 1; 0; 0; 0; 1; 1; 1; 0; 1; 0; 0;  Output: 0; -0; 0,0182; -0,0112; 0,6624; 0,1186; 0,1764; 1; Desired output: 0; 0; 0; 0; 0; 0; 0; 1;  Error: 0; -0; 0,0182; -0,0112; 0,6624; 0,1186; 0,1764; -0; 
Input: 0; 0; 0; 1; 1; 1; 0; 0; 0; 1; 1; 1; 0; 0; 1; 0;  Output: 0; -0; 0,1536; 0,055; 0,0165; 0,6367; 0,6906; 0,9452; Desired output: 0; 0; 1; 0; 0; 0; 1; 1;  Error: 0; -0; -0,8464; 0,055; 0,0165; 0,6367; -0,3094; -0,0548; 
Input: 0; 0; 0; 1; 1; 1; 0; 0; 0; 1; 1; 1; 0; 0; 0; 1;  Output: 0; -0; 0,1474; 0,0502; 0,0788; 0,6054; 0,6624; 0,9963; Desired output: 0; 0; 1; 0; 0; 0; 1; 1;  Error: 0; -0; -0,8526; 0,0502; 0,0788; 0,6054; -0,3376; -0,0037; 
Input: 0; 0; 0; 1; 1; 1; 0; 0; 1; 0; 0; 0; 1; 0; 0; 0;  Output: -0,0001; 0,0001; 0,9856; 0,1192; 0,1159; -0,0271; 1; 1; Desired output: 0; 0; 0; 0; 0; 0; 0; 0;  Error: -0,0001; 0,0001; 0,9856; 0,1192; 0,1159; -0,0271; 1; 1; 
Input: 0; 0; 0; 1; 1; 1; 0; 0; 1; 0; 0; 0; 0; 1; 0; 0;  Output: -0,0001; 0,0001; 0,0168; -0,1404; 0,1644; -0,0305; 1; 1; Desired output: 0; 0; 0; 0; 0; 0; 0; 0;  Error: -0,0001; 0,0001; 0,0168; -0,1404; 0,1644; -0,0305; 1; 1; 
Input: 0; 0; 0; 1; 1; 1; 0; 0; 1; 0; 0; 0; 0; 0; 1; 0;  Output: 0; -0; 0,0792; -0,0049; 0,661; 0,1181; 0,1957; 1; Desired output: 0; 0; 0; 0; 0; 0; 0; 0;  Error: 0; -0; 0,0792; -0,0049; 0,661; 0,1181; 0,1957; 1; 
Input: 0; 0; 0; 1; 1; 1; 0; 0; 1; 0; 0; 0; 0; 0; 0; 1;  Output: 0; -0; 0,0862; 0,0041; 0,5886; 0,2136; 0,2746; 1; Desired output: 0; 0; 0; 0; 0; 0; 0; 0;  Error: 0; -0; 0,0862; 0,0041; 0,5886; 0,2136; 0,2746; 1; 
Input: 0; 0; 0; 1; 1; 1; 0; 0; 1; 0; 0; 1; 1; 0; 0; 0;  Output: -0,0001; 0,0001; 0,9817; 0,1251; 0,0669; 0,009; 1; 1; Desired output: 0; 0; 1; 0; 0; 0; 1; 1;  Error: -0,0001; 0,0001; -0,0183; 0,1251; 0,0669; 0,009; -0; -0; 
Input: 0; 0; 0; 1; 1; 1; 0; 0; 1; 0; 0; 1; 0; 1; 0; 0;  Output: 0; -0; 0,0642; -0,0081; 0,6867; 0,2099; 0,9852; 1; Desired output: 0; 0; 0; 0; 0; 0; 1; 0;  Error: 0; -0; 0,0642; -0,0081; 0,6867; 0,2099; -0,0148; 1; 
Input: 0; 0; 0; 1; 1; 1; 0; 0; 1; 0; 0; 1; 0; 0; 1; 0;  Output: 0; -0; 0,0923; 0,0087; 0,5481; 0,2595; 0,3216; 1; Desired output: 0; 0; 0; 0; 0; 0; 0; 1;  Error: 0; -0; 0,0923; 0,0087; 0,5481; 0,2595; 0,3216; -0; 
Input: 0; 0; 0; 1; 1; 1; 0; 0; 1; 0; 0; 1; 0; 0; 0; 1;  Output: 0; -0; 0,0723; -0,0067; 0,673; 0,1021; 0,1623; 1; Desired output: 0; 0; 0; 0; 0; 0; 0; 1;  Error: 0; -0; 0,0723; -0,0067; 0,673; 0,1021; 0,1623; 0; 
Input: 0; 0; 1; 0; 0; 0; 0; 0; 0; 0; 0; 0; 1; 0; 0; 0;  Output: -0; 0,0001; -0,0076; 0,0211; 0,9998; 0,0025; 0,0005; 1; Desired output: 0; 0; 0; 0; 1; 0; 0; 1;  Error: -0; 0,0001; -0,0076; 0,0211; -0,0002; 0,0025; 0,0005; 0; 
Input: 0; 0; 1; 0; 0; 0; 0; 0; 0; 0; 0; 0; 0; 1; 0; 0;  Output: -0; 0; 0,0084; -0,0114; 0,9981; -0,0026; -0,0025; 1; Desired output: 0; 0; 0; 0; 1; 0; 0; 1;  Error: -0; 0; 0,0084; -0,0114; -0,0019; -0,0026; -0,0025; 0; 
Input: 0; 0; 1; 0; 0; 0; 0; 0; 0; 0; 0; 0; 0; 0; 1; 0;  Output: -0,0005; 0,0006; 0,9781; 0,9963; -0,0016; -0,0038; 1; 1; Desired output: 0; 0; 1; 1; 0; 0; 0; 1;  Error: -0,0005; 0,0006; -0,0219; -0,0037; -0,0016; -0,0038; 1; 0; 
Input: 0; 0; 1; 0; 0; 0; 0; 0; 0; 0; 0; 0; 0; 0; 0; 1;  Output: 0; -0; 0,0081; 0,0052; 0,973; -0,0149; 0,0414; 1; Desired output: 0; 0; 0; 0; 1; 0; 0; 1;  Error: 0; -0; 0,0081; 0,0052; -0,027; -0,0149; 0,0414; -0; 
Input: 0; 0; 1; 0; 0; 0; 0; 0; 0; 0; 0; 1; 1; 0; 0; 0;  Output: -0; -0; 0,0222; 0,0133; 0,962; 0,0818; 0,1358; 1; Desired output: 0; 0; 0; 0; 1; 0; 0; 0;  Error: -0; -0; 0,0222; 0,0133; -0,038; 0,0818; 0,1358; 1; 
Input: 0; 0; 1; 0; 0; 0; 0; 0; 0; 0; 0; 1; 0; 1; 0; 0;  Output: 0; -0; 0,0676; -0,012; 0,7094; 0,0424; 0,1546; 1; Desired output: 0; 0; 0; 0; 1; 0; 0; 1;  Error: 0; -0; 0,0676; -0,012; -0,2906; 0,0424; 0,1546; 0; 
Input: 0; 0; 1; 0; 0; 0; 0; 0; 0; 0; 0; 1; 0; 0; 1; 0;  Output: 0; -0; 0,0071; 0,0048; 0,9733; -0,0185; 0,0302; 1; Desired output: 0; 0; 0; 0; 1; 0; 0; 0;  Error: 0; -0; 0,0071; 0,0048; -0,0267; -0,0185; 0,0302; 1; 
Input: 0; 0; 1; 0; 0; 0; 0; 0; 0; 0; 0; 1; 0; 0; 0; 1;  Output: -0; -0; 0,012; 0,0085; 0,9707; 0,0203; 0,0711; 1; Desired output: 0; 0; 0; 0; 1; 0; 0; 0;  Error: -0; -0; 0,012; 0,0085; -0,0293; 0,0203; 0,0711; 1; 
Input: 0; 0; 1; 0; 0; 0; 0; 0; 0; 0; 1; 0; 1; 0; 0; 0;  Output: -0; 0; -0,0049; 0,0427; -0,0912; 0,8117; 0,9999; 1; Desired output: 0; 0; 0; 0; 0; 1; 1; 1;  Error: -0; 0; -0,0049; 0,0427; -0,0912; -0,1883; -0,0001; 0; 
Input: 0; 0; 1; 0; 0; 0; 0; 0; 0; 0; 1; 0; 0; 1; 0; 0;  Output: -0; 0; 0,0033; -0,0113; 0,9981; 0,0123; -0,0017; 1; Desired output: 0; 0; 0; 0; 1; 0; 0; 0;  Error: -0; 0; 0,0033; -0,0113; -0,0019; 0,0123; -0,0017; 1; 
Input: 0; 0; 1; 0; 0; 0; 0; 0; 0; 0; 1; 0; 0; 0; 1; 0;  Output: 0; -0; 0,1007; 0,0541; 0,1227; 0,9642; 1; 1; Desired output: 0; 0; 0; 0; 0; 1; 1; 1;  Error: 0; -0; 0,1007; 0,0541; 0,1227; -0,0358; 0; 0; 
Input: 0; 0; 1; 0; 0; 0; 0; 0; 0; 0; 1; 0; 0; 0; 0; 1;  Output: -0; 0; 0,0817; 0,0602; 0,8927; 0,5106; 0,5724; 0,0328; Desired output: 0; 0; 0; 0; 1; 0; 0; 0;  Error: -0; 0; 0,0817; 0,0602; -0,1073; 0,5106; 0,5724; 0,0328; 
Input: 0; 0; 1; 0; 0; 0; 0; 0; 0; 0; 1; 1; 1; 0; 0; 0;  Output: 0; -0; 0,1622; 0,0616; -0,0682; 0,6758; 0,7269; -0,0579; Desired output: 0; 0; 0; 0; 0; 1; 1; 0;  Error: 0; -0; 0,1622; 0,0616; -0,0682; -0,3242; -0,2731; -0,0579; 
Input: 0; 0; 1; 0; 0; 0; 0; 0; 0; 0; 1; 1; 0; 1; 0; 0;  Output: 0; -0; 0,162; 0,0572; -0,0081; 0,6439; 0,7423; 0,8688; Desired output: 0; 0; 0; 0; 0; 1; 1; 1;  Error: 0; -0; 0,162; 0,0572; -0,0081; -0,3561; -0,2577; -0,1312; 
Input: 0; 0; 1; 0; 0; 0; 0; 0; 0; 0; 1; 1; 0; 0; 1; 0;  Output: 0; -0; 0,1458; 0,0491; 0,0937; 0,5977; 0,6541; 0,9981; Desired output: 0; 0; 0; 0; 0; 1; 1; 1;  Error: 0; -0; 0,1458; 0,0491; 0,0937; -0,4023; -0,3459; -0,0019; 
Input: 0; 0; 1; 0; 0; 0; 0; 0; 0; 0; 1; 1; 0; 0; 0; 1;  Output: 0; -0; 0,1545; 0,0557; 0,0079; 0,6408; 0,6945; 0,9214; Desired output: 0; 0; 0; 0; 0; 1; 1; 1;  Error: 0; -0; 0,1545; 0,0557; 0,0079; -0,3592; -0,3055; -0,0786; 
Input: 0; 0; 1; 0; 0; 0; 0; 0; 0; 1; 0; 0; 1; 0; 0; 0;  Output: -0; -0,0001; -0,0049; 0,014; 0,096; 0,6853; 0,9161; 1; Desired output: 0; 0; 0; 0; 0; 1; 1; 0;  Error: -0; -0,0001; -0,0049; 0,014; 0,096; -0,3147; -0,0839; 1; 
Input: 0; 0; 1; 0; 0; 0; 0; 0; 0; 1; 0; 0; 0; 1; 0; 0;  Output: 0; -0; -0,0001; 0,0044; 0,139; 0,917; 1; 1; Desired output: 0; 0; 0; 0; 0; 1; 1; 0;  Error: 0; -0; -0,0001; 0,0044; 0,139; -0,083; 0; 1; 
Input: 0; 0; 1; 0; 0; 0; 0; 0; 0; 1; 0; 0; 0; 0; 1; 0;  Output: 0; -0,0001; -0,0014; 0,0285; 0,1133; 0,9746; 1; 1; Desired output: 0; 0; 0; 0; 0; 1; 1; 1;  Error: 0; -0,0001; -0,0014; 0,0285; 0,1133; -0,0254; 0; 0; 
Input: 0; 0; 1; 0; 0; 0; 0; 0; 0; 1; 0; 0; 0; 0; 0; 1;  Output: -0; -0,0001; 0,0257; 0,026; 0,0344; 0,6842; 0,912; 0,0002; Desired output: 0; 0; 0; 0; 0; 1; 1; 0;  Error: -0; -0,0001; 0,0257; 0,026; 0,0344; -0,3158; -0,088; 0,0002; 
Input: 0; 0; 1; 0; 0; 0; 0; 0; 0; 1; 0; 1; 1; 0; 0; 0;  Output: 0; -0; 1; 0,9314; -0,3264; 0,6878; 0,7755; 1; Desired output: 0; 0; 1; 1; 0; 1; 1; 0;  Error: 0; -0; -0; -0,0686; -0,3264; -0,3122; -0,2245; 1; 
Input: 0; 0; 1; 0; 0; 0; 0; 0; 0; 1; 0; 1; 0; 1; 0; 0;  Output: 0; -0; 0,1665; 0,0712; -0,1792; 0,805; 0,9998; 0,0452; Desired output: 0; 0; 0; 0; 0; 1; 1; 0;  Error: 0; -0; 0,1665; 0,0712; -0,1792; -0,195; -0,0002; 0,0452; 
Input: 0; 0; 1; 0; 0; 0; 0; 0; 0; 1; 0; 1; 0; 0; 1; 0;  Output: 0; -0; 0,162; 0,0614; -0,0659; 0,6748; 0,726; -0,0089; Desired output: 0; 0; 0; 0; 0; 1; 1; 0;  Error: 0; -0; 0,162; 0,0614; -0,0659; -0,3252; -0,274; -0,0089; 
Input: 0; 0; 1; 0; 0; 0; 0; 0; 0; 1; 0; 1; 0; 0; 0; 1;  Output: 0; -0; 0,163; 0,0616; -0,0676; 0,675; 0,7324; -0,0346; Desired output: 0; 0; 0; 0; 0; 1; 1; 0;  Error: 0; -0; 0,163; 0,0616; -0,0676; -0,325; -0,2676; -0,0346; 
Input: 0; 0; 1; 0; 0; 0; 0; 0; 0; 1; 1; 0; 1; 0; 0; 0;  Output: -0; -0; 0,4116; 0,0365; 0,0742; 0,2931; 1; 1; Desired output: 0; 0; 0; 0; 0; 0; 1; 1;  Error: -0; -0; 0,4116; 0,0365; 0,0742; 0,2931; -0; 0; 
Input: 0; 0; 1; 0; 0; 0; 0; 0; 0; 1; 1; 0; 0; 1; 0; 0;  Output: -0; 0,0001; 0,0092; -0,0739; 0,0973; 0,0866; 1; 1; Desired output: 0; 0; 0; 0; 0; 0; 1; 1;  Error: -0; 0,0001; 0,0092; -0,0739; 0,0973; 0,0866; 0; 0; 
Input: 0; 0; 1; 0; 0; 0; 0; 0; 0; 1; 1; 0; 0; 0; 1; 0;  Output: -0; 0; 0,9342; 0,1129; 0,0304; -0,0187; 1; 1; Desired output: 0; 0; 1; 0; 0; 0; 1; 1;  Error: -0; 0; -0,0658; 0,1129; 0,0304; -0,0187; 0; 0; 
Input: 0; 0; 1; 0; 0; 0; 0; 0; 0; 1; 1; 0; 0; 0; 0; 1;  Output: -0; -0; 0,9017; 0,1451; -0,088; 0,0025; 1; 1; Desired output: 0; 0; 1; 0; 0; 0; 1; 1;  Error: -0; -0; -0,0983; 0,1451; -0,088; 0,0025; -0; -0; 
Input: 0; 0; 1; 0; 0; 0; 0; 0; 0; 1; 1; 1; 1; 0; 0; 0;  Output: 0; -0; 0,202; 0,064; -0,0705; 0,6709; 0,7846; -0,0256; Desired output: 0; 0; 0; 0; 0; 0; 1; 0;  Error: 0; -0; 0,202; 0,064; -0,0705; 0,6709; -0,2154; -0,0256; 
Input: 0; 0; 1; 0; 0; 0; 0; 0; 0; 1; 1; 1; 0; 1; 0; 0;  Output: 0; 0; 0,381; 0,0472; 0,2781; 0,1815; 0,9997; 1; Desired output: 0; 0; 0; 0; 0; 0; 1; 1;  Error: 0; 0; 0,381; 0,0472; 0,2781; 0,1815; -0,0003; -0; 
Input: 0; 0; 1; 0; 0; 0; 0; 0; 0; 1; 1; 1; 0; 0; 1; 0;  Output: 0; -0; 0,1564; 0,0571; -0,0105; 0,6494; 0,703; 0,8334; Desired output: 0; 0; 0; 0; 0; 0; 1; 1;  Error: 0; -0; 0,1564; 0,0571; -0,0105; 0,6494; -0,297; -0,1666; 
Input: 0; 0; 1; 0; 0; 0; 0; 0; 0; 1; 1; 1; 0; 0; 0; 1;  Output: 0; -0; 0,18; 0,0625; -0,0693; 0,6635; 0,8253; 0,1439; Desired output: 0; 0; 0; 0; 0; 0; 1; 0;  Error: 0; -0; 0,18; 0,0625; -0,0693; 0,6635; -0,1747; 0,1439; 
Input: 0; 0; 1; 0; 0; 0; 0; 0; 1; 0; 0; 0; 1; 0; 0; 0;  Output: 0,0002; -0,0002; 0,0129; -0,1099; 0,0081; -0,004; 1; 1; Desired output: 0; 0; 0; 0; 0; 0; 0; 1;  Error: 0,0002; -0,0002; 0,0129; -0,1099; 0,0081; -0,004; 1; 0; 
Input: 0; 0; 1; 0; 0; 0; 0; 0; 1; 0; 0; 0; 0; 1; 0; 0;  Output: 0,0001; -0,0002; 0,0037; -0,1005; 0,0091; 0,0114; -0,0001; 1; Desired output: 0; 0; 0; 0; 0; 0; 0; 1;  Error: 0,0001; -0,0002; 0,0037; -0,1005; 0,0091; 0,0114; -0,0001; 0; 
Input: 0; 0; 1; 0; 0; 0; 0; 0; 1; 0; 0; 0; 0; 0; 1; 0;  Output: -0; 0; 0,0069; -0,0665; 0,0005; 0,0615; 1; 1; Desired output: 0; 0; 0; 0; 0; 0; 1; 0;  Error: -0; 0; 0,0069; -0,0665; 0,0005; 0,0615; 0; 1; 
Input: 0; 0; 1; 0; 0; 0; 0; 0; 1; 0; 0; 0; 0; 0; 0; 1;  Output: -0; 0; 0,4652; 0,0796; -0,0977; 0,3909; 1; 0,9983; Desired output: 0; 0; 0; 0; 0; 0; 0; 1;  Error: -0; 0; 0,4652; 0,0796; -0,0977; 0,3909; 1; -0,0017; 
Input: 0; 0; 1; 0; 0; 0; 0; 0; 1; 0; 0; 1; 1; 0; 0; 0;  Output: 0; 0,0001; 0,9598; 0,1609; -0,1691; 0,0196; 1; 1; Desired output: 0; 0; 1; 0; 0; 0; 1; 1;  Error: 0; 0,0001; -0,0402; 0,1609; -0,1691; 0,0196; 0; 0; 
Input: 0; 0; 1; 0; 0; 0; 0; 0; 1; 0; 0; 1; 0; 1; 0; 0;  Output: 0; -0; 0,1176; 0,0157; 0,4934; 0,34; 0,9235; 1; Desired output: 0; 0; 0; 0; 0; 0; 1; 0;  Error: 0; -0; 0,1176; 0,0157; 0,4934; 0,34; -0,0765; 1; 
Input: 0; 0; 1; 0; 0; 0; 0; 0; 1; 0; 0; 1; 0; 0; 1; 0;  Output: 0; -0,0001; 0,1112; 0,0348; 0,1022; 0,9672; 1; 1; Desired output: 0; 0; 0; 0; 0; 0; 1; 0;  Error: 0; -0,0001; 0,1112; 0,0348; 0,1022; 0,9672; 0; 1; 
Input: 0; 0; 1; 0; 0; 0; 0; 0; 1; 0; 0; 1; 0; 0; 0; 1;  Output: 0; -0; 0,1776; 0,0624; -0,0694; 0,6653; 0,8144; 0,1112; Desired output: 0; 0; 0; 0; 0; 0; 1; 0;  Error: 0; -0; 0,1776; 0,0624; -0,0694; 0,6653; -0,1856; 0,1112; 
Input: 0; 0; 1; 0; 0; 1; 0; 0; 0; 0; 0; 0; 1; 0; 0; 0;  Output: 0; -0; 0,0659; -0,0143; 0,7245; 0,0198; 0,0895; 1; Desired output: 0; 0; 0; 0; 1; 0; 0; 1;  Error: 0; -0; 0,0659; -0,0143; -0,2755; 0,0198; 0,0895; 0; 
Input: 0; 0; 1; 0; 0; 1; 0; 0; 0; 0; 0; 0; 0; 1; 0; 0;  Output: -0,0001; 0,0001; 0,9376; 0,0488; 0,0212; 0,003; 1; 0,9999; Desired output: 0; 0; 1; 0; 0; 0; 1; 1;  Error: -0,0001; 0,0001; -0,0624; 0,0488; 0,0212; 0,003; -0; -0,0001; 
Input: 0; 0; 1; 0; 0; 1; 0; 0; 0; 0; 0; 0; 0; 0; 1; 0;  Output: -0; 0,0001; 0,9556; 0,145; -0,0964; 0,0332; 1; 1; Desired output: 0; 0; 1; 0; 0; 0; 1; 1;  Error: -0; 0,0001; -0,0444; 0,145; -0,0964; 0,0332; 0; 0; 
Input: 0; 0; 1; 0; 0; 1; 0; 0; 0; 0; 0; 0; 0; 0; 0; 1;  Output: 0; -0; 0,0092; 0,0063; 0,9723; -0,0034; 0,0486; 1; Desired output: 0; 0; 0; 0; 1; 0; 0; 1;  Error: 0; -0; 0,0092; 0,0063; -0,0277; -0,0034; 0,0486; -0; 
Input: 0; 0; 1; 0; 0; 1; 0; 0; 0; 0; 0; 1; 1; 0; 0; 0;  Output: 0; -0; 0,1438; 0,0477; 0,1133; 0,589; 0,6546; 0,9991; Desired output: 0; 0; 1; 1; 0; 1; 0; 1;  Error: 0; -0; -0,8562; -0,9523; 0,1133; -0,411; 0,6546; -0,0009; 
Input: 0; 0; 1; 0; 0; 1; 0; 0; 0; 0; 0; 1; 0; 1; 0; 0;  Output: -0; 0,0001; 0,931; 0,1124; -0,0023; -0,0856; 1; 1; Desired output: 0; 0; 1; 0; 0; 0; 1; 1;  Error: -0; 0,0001; -0,069; 0,1124; -0,0023; -0,0856; -0; -0; 
Input: 0; 0; 1; 0; 0; 1; 0; 0; 0; 0; 0; 1; 0; 0; 1; 0;  Output: -0; -0; 0,0116; 0,008; 0,9711; 0,0197; 0,1828; 1; Desired output: 0; 0; 0; 0; 1; 0; 0; 1;  Error: -0; -0; 0,0116; 0,008; -0,0289; 0,0197; 0,1828; -0; 
Input: 0; 0; 1; 0; 0; 1; 0; 0; 0; 0; 0; 1; 0; 0; 0; 1;  Output: 0; -0; 0,0071; 0,0048; 0,9733; -0,0188; 0,0297; 1; Desired output: 0; 0; 0; 0; 1; 0; 0; 1;  Error: 0; -0; 0,0071; 0,0048; -0,0267; -0,0188; 0,0297; -0; 
Input: 0; 0; 1; 0; 0; 1; 0; 0; 0; 0; 1; 0; 1; 0; 0; 0;  Output: 0; -0; 0,1251; 0,0595; 0,0129; 0,9201; 1; 1; Desired output: 0; 0; 0; 0; 0; 1; 1; 1;  Error: 0; -0; 0,1251; 0,0595; 0,0129; -0,0799; -0; -0; 
Input: 0; 0; 1; 0; 0; 1; 0; 0; 0; 0; 1; 0; 0; 1; 0; 0;  Output: -0; -0,0001; 1; 0,8962; -0,1136; 0,7143; 0,934; 1; Desired output: 0; 0; 1; 1; 0; 1; 1; 0;  Error: -0; -0,0001; -0; -0,1038; -0,1136; -0,2857; -0,066; 1; 
Input: 0; 0; 1; 0; 0; 1; 0; 0; 0; 0; 1; 0; 0; 0; 1; 0;  Output: 0; 0,0001; 0,9592; 0,1559; -0,1046; -0,0317; 1; 1; Desired output: 0; 0; 1; 1; 0; 0; 0; 1;  Error: 0; 0,0001; -0,0408; -0,8441; -0,1046; -0,0317; 1; 0; 
Input: 0; 0; 1; 0; 0; 1; 0; 0; 0; 0; 1; 0; 0; 0; 0; 1;  Output: 0; 0; 0,2679; 0,0674; -0,0766; 0,5964; 0,9851; 0,8104; Desired output: 0; 0; 0; 0; 0; 1; 1; 1;  Error: 0; 0; 0,2679; 0,0674; -0,0766; -0,4036; -0,0149; -0,1896; 
Input: 0; 0; 1; 0; 0; 1; 0; 0; 0; 0; 1; 1; 1; 0; 0; 0;  Output: 0; -0; 0,1668; 0,0718; -0,1859; 0,8109; 0,9998; 0,0363; Desired output: 0; 0; 0; 0; 0; 1; 1; 0;  Error: 0; -0; 0,1668; 0,0718; -0,1859; -0,1891; -0,0002; 0,0363; 
Input: 0; 0; 1; 0; 0; 1; 0; 0; 0; 0; 1; 1; 0; 1; 0; 0;  Output: -0; 0,0001; 0,7187; 0,1005; -0,1278; -0,0698; 1; 1; Desired output: 0; 0; 1; 0; 0; 0; 1; 1;  Error: -0; 0,0001; -0,2813; 0,1005; -0,1278; -0,0698; -0; -0; 
Input: 0; 0; 1; 0; 0; 1; 0; 0; 0; 0; 1; 1; 0; 0; 1; 0;  Output: 0; -0; 0,1609; 0,066; -0,1131; 0,7774; 0,9995; 0,8592; Desired output: 0; 0; 0; 0; 0; 1; 1; 1;  Error: 0; -0; 0,1609; 0,066; -0,1131; -0,2226; -0,0005; -0,1408; 
Input: 0; 0; 1; 0; 0; 1; 0; 0; 0; 0; 1; 1; 0; 0; 0; 1;  Output: 0; -0; 0,1622; 0,0616; -0,0681; 0,6758; 0,7269; -0,0568; Desired output: 0; 0; 0; 0; 0; 1; 1; 0;  Error: 0; -0; 0,1622; 0,0616; -0,0681; -0,3242; -0,2731; -0,0568; 
Input: 0; 0; 1; 0; 0; 1; 0; 0; 0; 1; 0; 0; 1; 0; 0; 0;  Output: -0; 0; 0,1303; 0,0495; -0,0003; 0,7077; 0,9704; 1; Desired output: 0; 0; 0; 0; 0; 1; 1; 0;  Error: -0; 0; 0,1303; 0,0495; -0,0003; -0,2923; -0,0296; 1; 
Input: 0; 0; 1; 0; 0; 1; 0; 0; 0; 1; 0; 0; 0; 1; 0; 0;  Output: -0,0001; 0,0001; 0,9451; 0,104; 0,0106; 0,2678; 1; 1; Desired output: 0; 0; 1; 0; 0; 0; 1; 1;  Error: -0,0001; 0,0001; -0,0549; 0,104; 0,0106; 0,2678; -0; 0; 
Input: 0; 0; 1; 0; 0; 1; 0; 0; 0; 1; 0; 0; 0; 0; 1; 0;  Output: 0; -0; 0,0988; 0,0578; 0,0727; 0,9721; 1; 1; Desired output: 0; 0; 0; 0; 0; 1; 1; 0;  Error: 0; -0; 0,0988; 0,0578; 0,0727; -0,0279; 0; 1; 
Input: 0; 0; 1; 0; 0; 1; 0; 0; 0; 1; 0; 0; 0; 0; 0; 1;  Output: 0; -0; 0,1561; 0,061; -0,0654; 0,6758; 0,7268; -0,0719; Desired output: 0; 0; 0; 0; 0; 1; 1; 0;  Error: 0; -0; 0,1561; 0,061; -0,0654; -0,3242; -0,2732; -0,0719; 
Input: 0; 0; 1; 0; 0; 1; 0; 0; 0; 1; 0; 1; 1; 0; 0; 0;  Output: 0; -0; 0,1476; 0,0496; 0,0871; 0,6009; 0,6601; 0,9974; Desired output: 0; 0; 0; 0; 0; 1; 0; 1;  Error: 0; -0; 0,1476; 0,0496; 0,0871; -0,3991; 0,6601; -0,0026; 
Input: 0; 0; 1; 0; 0; 1; 0; 0; 0; 1; 0; 1; 0; 1; 0; 0;  Output: 0; -0; 0,1539; 0,0553; 0,0137; 0,638; 0,692; 0,9383; Desired output: 0; 0; 1; 1; 0; 1; 0; 1;  Error: 0; -0; -0,8461; -0,9447; 0,0137; -0,362; 0,692; -0,0617; 
Input: 0; 0; 1; 0; 0; 1; 0; 0; 0; 1; 0; 1; 0; 0; 1; 0;  Output: 0; -0; 0,1317; 0,0384; 0,2278; 0,5209; 0,5821; 1; Desired output: 0; 0; 0; 0; 0; 1; 0; 1;  Error: 0; -0; 0,1317; 0,0384; 0,2278; -0,4791; 0,5821; -0; 
Input: 0; 0; 1; 0; 0; 1; 0; 0; 0; 1; 0; 1; 0; 0; 0; 1;  Output: 0; -0; 0,1622; 0,0615; -0,0678; 0,6757; 0,7267; -0,049; Desired output: 0; 0; 0; 0; 0; 1; 1; 0;  Error: 0; -0; 0,1622; 0,0615; -0,0678; -0,3243; -0,2733; -0,049; 
Input: 0; 0; 1; 0; 0; 1; 0; 0; 0; 1; 1; 0; 1; 0; 0; 0;  Output: -0; -0; -0,1985; 0,0242; 0,0203; 0,872; 0,0136; 1; Desired output: 0; 0; 0; 0; 0; 1; 0; 0;  Error: -0; -0; -0,1985; 0,0242; 0,0203; -0,128; 0,0136; 1; 
Input: 0; 0; 1; 0; 0; 1; 0; 0; 0; 1; 1; 0; 0; 1; 0; 0;  Output: 0; -0; 0,8814; 0,1443; 0,4692; 0,3144; 0,8207; 1; Desired output: 0; 0; 1; 0; 1; 1; 1; 1;  Error: 0; -0; -0,1186; 0,1443; -0,5308; -0,6856; -0,1793; 0; 
Input: 0; 0; 1; 0; 0; 1; 0; 0; 0; 1; 1; 0; 0; 0; 1; 0;  Output: 0; -0; 0,1099; 0,0598; 0,055; 0,9736; 1; 1; Desired output: 0; 0; 0; 0; 0; 1; 0; 0;  Error: 0; -0; 0,1099; 0,0598; 0,055; -0,0264; 1; 1; 
Input: 0; 0; 1; 0; 0; 1; 0; 0; 0; 1; 1; 0; 0; 0; 0; 1;  Output: 0; -0; 0,0497; 0,0493; -0,0663; 0,6753; 0,752; -0,0751; Desired output: 0; 0; 0; 0; 0; 1; 0; 0;  Error: 0; -0; 0,0497; 0,0493; -0,0663; -0,3247; 0,752; -0,0751; 
Input: 0; 0; 1; 0; 0; 1; 0; 0; 0; 1; 1; 1; 1; 0; 0; 0;  Output: 0; 0; 0,3855; 0,0508; 0,2342; 0,2162; 0,9997; 1; Desired output: 0; 0; 0; 0; 0; 0; 1; 1;  Error: 0; 0; 0,3855; 0,0508; 0,2342; 0,2162; -0,0003; -0; 
Input: 0; 0; 1; 0; 0; 1; 0; 0; 0; 1; 1; 1; 0; 1; 0; 0;  Output: 0; -0; 0,1266; 0,0361; 0,2586; 0,538; 0,9097; 1; Desired output: 0; 0; 1; 0; 0; 0; 1; 1;  Error: 0; -0; -0,8734; 0,0361; 0,2586; 0,538; -0,0903; -0; 
Input: 0; 0; 1; 0; 0; 1; 0; 0; 0; 1; 1; 1; 0; 0; 1; 0;  Output: 0; -0; 0,1145; 0,0267; 0,3683; 0,4545; 0,8365; 1; Desired output: 0; 0; 0; 0; 0; 0; 1; 1;  Error: 0; -0; 0,1145; 0,0267; 0,3683; 0,4545; -0,1635; -0; 
Input: 0; 0; 1; 0; 0; 1; 0; 0; 0; 1; 1; 1; 0; 0; 0; 1;  Output: 0; 0; 0,3239; 0,0707; -0,0833; 0,5475; 0,9972; 0,9423; Desired output: 0; 0; 0; 0; 0; 0; 1; 1;  Error: 0; 0; 0,3239; 0,0707; -0,0833; 0,5475; -0,0028; -0,0577; 
Input: 0; 0; 1; 0; 0; 1; 0; 0; 1; 0; 0; 0; 1; 0; 0; 0;  Output: -0,0001; 0,0001; 0,0055; -0,1232; -0,0993; 0,1615; 1; 0,0168; Desired output: 0; 0; 0; 0; 0; 0; 1; 0;  Error: -0,0001; 0,0001; 0,0055; -0,1232; -0,0993; 0,1615; -0; 0,0168; 
Input: 0; 0; 1; 0; 0; 1; 0; 0; 1; 0; 0; 0; 0; 1; 0; 0;  Output: -0,0001; 0,0001; 0,9355; 0,0537; -0,0733; 0,0789; 1; 0,9783; Desired output: 0; 0; 1; 0; 0; 0; 1; 1;  Error: -0,0001; 0,0001; -0,0645; 0,0537; -0,0733; 0,0789; -0; -0,0217; 
Input: 0; 0; 1; 0; 0; 1; 0; 0; 1; 0; 0; 0; 0; 0; 1; 0;  Output: 0; -0; 0,1139; -0,0045; 0,6735; 0,2239; 0,9933; 1; Desired output: 0; 0; 0; 0; 0; 0; 1; 1;  Error: 0; -0; 0,1139; -0,0045; 0,6735; 0,2239; -0,0067; 0; 
Input: 0; 0; 1; 0; 0; 1; 0; 0; 1; 0; 0; 0; 0; 0; 0; 1;  Output: 0; -0; 0,1666; 0,0616; -0,0653; 0,6712; 0,7557; 0,0655; Desired output: 0; 0; 0; 0; 0; 0; 1; 0;  Error: 0; -0; 0,1666; 0,0616; -0,0653; 0,6712; -0,2443; 0,0655; 
Input: 0; 0; 1; 0; 0; 1; 0; 0; 1; 0; 0; 1; 1; 0; 0; 0;  Output: -0,0001; 0,0001; 0,9867; 0,137; -0,0237; 0,0332; 1; 0,9994; Desired output: 0; 0; 1; 0; 0; 0; 1; 1;  Error: -0,0001; 0,0001; -0,0133; 0,137; -0,0237; 0,0332; -0; -0,0006; 
Input: 0; 0; 1; 0; 0; 1; 0; 0; 1; 0; 0; 1; 0; 1; 0; 0;  Output: -0; 0; 0,6297; 0,0492; 0,3501; 0,2631; 0,9959; 1; Desired output: 0; 0; 1; 0; 1; 1; 1; 0;  Error: -0; 0; -0,3703; 0,0492; -0,6499; -0,7369; -0,0041; 1; 
Input: 0; 0; 1; 0; 0; 1; 0; 0; 1; 0; 0; 1; 0; 0; 1; 0;  Output: 0; -0; 0,0635; -0,0103; 0,7001; 0,1469; 0,9306; 1; Desired output: 0; 0; 0; 0; 0; 0; 1; 1;  Error: 0; -0; 0,0635; -0,0103; 0,7001; 0,1469; -0,0694; 0; 
Input: 0; 0; 1; 0; 0; 1; 0; 0; 1; 0; 0; 1; 0; 0; 0; 1;  Output: 0; -0; 0,164; 0,0614; -0,0643; 0,6726; 0,7394; 0,0535; Desired output: 0; 0; 0; 0; 0; 0; 1; 0;  Error: 0; -0; 0,164; 0,0614; -0,0643; 0,6726; -0,2606; 0,0535; 
Total Mean Square Error: 0.08956603210633098